0 3 254
3 8 100
8 10 75
10 4 167
4 2 53
2 9 170
9 7 142
7 14 186
14 16 17
16 23 47
23 20 37
20 19 17
19 22 37
22 18 53
18 17 50
17 15 134
15 11 180
11 29 395
29 36 177
36 43 101
43 46 33
46 59 134
59 63 33
63 50 276
50 57 75
57 56 233
56 72 190
72 83 164
83 82 167
82 101 164
101 98 201
98 97 85
97 106 69
106 114 85
114 128 165
128 137 158
137 131 170
131 162 167
162 247 438
247 228 112
228 203 134
203 190 227
190 199 71
199 209 60
209 219 174
219 231 53
231 240 53
240 255 107
255 288 112
288 325 167
325 340 69
340 350 203
350 367 75
367 409 133
409 459 276
459 534 201
534 572 344
572 778 461
778 852 105
852 891 201
891 988 269
988 1027 172
1027 1050 83
1050 1133 158
1133 1139 118
1139 1095 211
1095 1087 251
1087 954 295
954 961 217
961 919 154
919 955 264
955 1096 343
1096 1190 184
1190 1088 361
1088 962 314
962 1097 285
1097 1121 186
1121 1134 217
1134 1146 236
1146 1135 105
1135 1164 97
1164 1147 112
1147 1234 203
1234 1257 107
1257 1350 254
1350 1327 107
1327 1237 295
1237 1399 481
1399 1491 436
1491 1694 717
1694 1705 142
1705 1731 248
1731 1792 167
1792 1881 246
1881 1820 190
1820 1802 190
1802 1759 158
1759 1746 47
1746 1741 151
1741 1693 201
1693 1669 401
1669 1684 227
1684 1638 184
1638 1575 453
1575 1519 459
1519 1480 269
1480 1441 260
1441 1319 554
1319 1290 180
1290 1185 298
1185 1184 200
1184 1198 154
1198 1216 37
1216 1220 24
1220 1226 101
1226 1272 177
1272 1374 324
1374 1364 75
1364 1318 121
1318 1302 170
1302 1264 120
1264 1265 50
1265 1236 120
1236 1233 118
1233 1189 105
1189 1156 85
1156 1120 94
1120 1080 180
1080 993 184
993 947 101
947 904 217
904 910 24
910 946 100
946 1021 164
1021 1066 194
1066 1169 217
1169 1232 177
1232 1289 180
1289 1215 240
1215 1271 190
1271 1197 195
1197 1242 143
1242 1219 164
1219 1183 97
1183 960 453
960 840 300
840 806 285
806 752 118
752 674 209
674 605 101
605 615 53
615 596 105
596 646 172
646 527 251
527 472 190
472 458 60
458 432 149
432 444 149
444 463 107
463 481 33
481 487 101
487 558 180
558 614 165
614 704 121
704 751 83
751 766 24
766 826 130
826 730 142
730 857 248
857 975 285
975 903 271
903 933 90
933 992 133
992 1034 85
1034 1111 151
1111 1155 118
1155 1163 47
1163 1263 233
1263 1363 300
1363 1398 97
1398 1436 224
1436 1478 227
1478 1490 97
1490 1501 127
1501 1518 71
1518 1544 75
1544 1584 101
1584 1636 203
1636 1658 83
1658 1663 53
1663 1664 133
1664 1596 183
1596 1605 167
1605 1614 69
1614 1637 112
1637 1704 425
1704 1627 327
1627 1606 60
1606 1471 792
1471 1508 180
1508 1615 310
1615 1730 566
1730 1752 174
1752 1791 203
1791 1901 552
1901 1943 441
1943 2021 300
2021 2143 583
2143 2261 700
2261 1888 752
1888 1938 348
1938 1993 380
1993 2196 474
2196 1972 684
1972 2013 130
2013 2003 37
2003 2030 589
2030 2028 134
2028 2031 167
2031 2044 252
2044 2073 180
2073 2538 801
2538 2527 134
2527 2482 307
2482 2387 236
2387 2345 69
2345 2197 307
2197 2119 143
2119 2088 75
2088 2074 83
2074 2054 142
2054 2014 141
2014 1960 217
1960 1929 75
1929 1811 248
1811 1920 264
1920 1839 306
1839 1909 375
1909 1847 121
1847 1793 314
1793 1939 334
1939 1944 85
1944 2045 243
2045 1961 250
1961 1987 186
1987 1973 184
1973 2089 352
2089 2154 137
2154 2135 186
2135 2283 224
2283 2004 559
2004 2009 201
2009 2015 267
2015 2016 417
2016 2046 97
2046 2010 428
2010 2017 201
2017 2022 334
2022 2023 217
2023 1952 602
1952 1953 117
1953 1994 134
1994 1954 195
1954 1974 154
1974 2032 150
2032 2055 83
2055 2065 251
2065 2000 213
2000 2005 267
2005 2081 284
2081 2171 180
2171 2604 775
2604 2586 484
2586 2587 83
2587 2717 239
2717 2686 337
2686 2605 189
2605 2567 107
2567 2500 118
2500 2120 650
2120 2125 217
2125 2126 117
2126 2172 94
2172 2144 137
2144 2234 117
2234 2284 107
2284 2306 105
2306 2155 201
2155 2173 134
2173 2324 219
2324 2388 143
2388 2520 227
2520 2572 101
2572 2641 121
2641 2558 306
2558 2529 83
2529 2437 151
2437 2156 434
2156 2145 317
2145 2108 195
2108 2198 142
2198 2335 239
2335 2425 150
2425 2539 284
2539 2483 97
2483 2446 83
2446 2336 183
2336 2250 237
2250 2174 101
2174 2109 101
2109 2235 284
2235 2438 340
2438 2530 335
2530 2426 167
2426 2346 142
2346 2236 184
2236 2237 167
2237 2347 237
2347 2272 313
2272 2199 428
2199 2251 83
2251 2363 224
2363 2447 283
2447 2513 180
2513 2705 340
2705 2696 167
2696 2669 142
2669 2778 236
2778 2832 180
2832 2898 201
2898 3074 428
3074 3032 154
3032 2989 167
2989 2897 227
2897 2777 269
2777 2749 134
2749 2704 180
2704 2807 217
2807 2950 425
2950 2917 118
2917 2753 344
2753 2812 232
2812 2748 254
2748 2776 149
2776 2747 120
2747 2668 170
2668 2622 75
2622 2613 85
2613 2661 75
2661 2680 37
2680 2687 69
2687 2695 24
2695 2679 37
2679 2667 24
2667 2660 101
2660 2787 291
2787 2752 227
2752 2746 151
2746 2727 206
2727 2793 172
2793 2659 329
2659 2694 120
2694 2640 97
2640 2528 201
2528 2512 186
2512 2501 101
2501 2631 243
2631 2658 137
2658 2865 437
2865 2905 167
2905 2786 320
2786 2771 154
2771 2852 151
2852 2883 118
2883 2937 112
2937 2968 239
2968 2924 353
2924 2969 134
2969 3031 172
3031 3170 472
3170 3178 105
3178 3143 546
3143 3108 353
3108 3097 90
3097 3454 1206
3454 3550 1582
3550 3378 644
3378 3365 107
3365 3259 709
3259 3201 201
3201 3109 461
3109 3137 239
3137 3003 367
3003 2975 67
2975 2976 217
2976 2896 190
2896 2949 261
2949 3022 186
3022 3066 105
3066 3098 540
3098 3130 130
3130 3195 264
3195 3230 130
3230 3244 75
3244 3385 523
3385 3341 186
3341 3282 194
3282 3255 324
3255 3245 387
3245 3260 120
3260 3357 414
3357 3428 436
3428 3495 619
3495 3437 184
3437 3386 449
3386 3309 298
3309 3186 461
3186 3173 219
3173 3185 203
3185 3179 234
3179 3153 285
3153 3152 250
3152 3067 271
3067 3023 101
3023 2890 317
2890 2833 134
2833 2788 83
2788 2642 300
2642 2662 350
2662 2439 367
2439 2364 127
2364 2378 184
2378 2470 167
2470 2456 170
2456 2455 200
2455 2348 186
2348 2355 118
2355 2262 194
2262 2157 133
2157 2200 142
2200 2238 206
2238 2263 219
2263 2264 167
2264 2356 170
2356 2379 252
2379 2484 184
2484 2401 298
2401 2349 180
2349 2219 260
2219 2158 130
2158 2159 200
2159 2273 158
2273 2314 120
2314 2350 134
2350 2285 118
2285 2146 183
2146 2127 186
2127 2220 157
2220 2211 201
2211 2212 333
2212 2352 232
2352 2351 150
2351 2457 184
2457 2615 314
2615 2588 142
2588 2560 127
2560 2644 158
2644 2663 184
2663 2699 83
2699 2834 283
2834 2874 295
2874 2892 321
2892 2754 291
2754 2720 295
2720 2734 75
2734 2616 217
2616 2502 201
2502 2471 186
2471 2252 392
2252 2286 127
2286 2239 149
2239 2100 250
2100 2101 283
2101 2201 292
2201 2202 200
2202 2353 342
2353 2503 366
2503 2504 183
2504 2531 354
2531 2625 180
2625 2780 300
2780 2906 267
2906 2907 350
2907 2943 180
2943 2813 267
2813 2755 433
2755 2646 217
2646 2522 217
2522 2589 217
2589 2645 254
2645 2521 217
2521 2357 269
2357 2315 172
2315 2182 195
2182 2183 167
2183 2221 190
2221 2184 142
2184 2274 118
2274 2358 190
2358 2337 368
2337 2185 261
2185 2147 288
2147 2213 143
2213 2214 17
2214 2389 283
2389 2485 224
2485 2550 180
2550 2506 157
2506 2394 248
2394 2505 180
2505 2607 195
2607 2671 239
2671 2756 190
2756 2735 321
2735 2795 298
2795 2721 236
2721 2672 154
2672 2561 183
2561 2458 170
2458 2450 134
2450 2359 164
2359 2160 304
2160 2136 219
2136 2307 236
2307 2222 217
2222 2360 219
2360 2427 118
2427 2608 300
2608 2689 254
2689 2681 300
2681 2757 167
2757 2853 201
2853 2902 154
2902 2927 112
2927 2846 195
2846 2808 134
2808 2682 269
2682 2617 120
2617 2486 222
2486 2402 137
2402 2223 307
2223 2161 425
2161 2338 267
2338 2395 105
2395 2514 201
2514 2632 222
2632 2774 314
2774 2929 337
2929 2928 200
2928 2996 186
2996 3014 158
3014 3070 291
3070 3051 255
3051 2991 328
2991 2939 154
2939 2930 234
2930 2984 190
2984 3110 358
3110 3132 307
3132 3171 142
3171 3266 300
3266 3391 396
3391 3342 195
3342 3302 190
3302 3252 201
3252 3220 194
3220 3188 105
3188 3117 330
3117 3083 157
3083 2977 267
2977 2901 186
2901 2884 170
2884 2789 232
2789 2860 189
2860 2900 101
2900 3024 307
3024 3091 170
3091 3155 271
3155 3214 167
3214 3284 217
3284 3323 101
3323 3358 117
3358 3415 234
3415 3381 328
3381 3426 217
3426 3468 190
3468 3429 177
3429 3416 211
3416 3439 190
3439 3530 307
3530 3529 183
3529 3587 217
3587 3652 285
3652 3716 248
3716 3734 94
3734 3764 133
3764 3758 317
3758 3715 190
3715 3689 100
3689 3678 53
3678 3651 97
3651 3621 133
3621 3582 167
3582 3519 206
3519 3513 151
3513 3564 287
3564 3616 260
3616 3638 100
3638 3677 142
3677 3706 121
3706 3711 184
3711 3698 222
3698 3650 174
3650 3615 250
3615 3584 134
3584 3558 130
3558 3494 264
3494 3497 151
3497 3498 133
3498 3472 85
3472 3447 67
3447 3401 224
3401 3387 324
3387 3379 186
3379 3261 350
3261 3262 200
3262 3347 367
3347 3311 117
3311 3265 100
3265 3237 101
3237 3154 255
3154 3131 130
3131 3069 195
3069 3050 71
3050 3005 100
3005 2920 222
2920 2926 201
2926 2908 37
2908 2938 190
2938 2971 105
2971 3116 370
3116 3123 300
3123 3104 354
3104 3056 149
3056 2960 248
2960 2959 200
2959 3068 291
3068 3041 356
3041 3033 201
3033 3115 295
3115 3197 267
3197 3273 261
3273 3368 314
3368 3346 324
3346 3321 83
3321 3283 100
3283 3231 150
3231 3206 90
3206 3205 217
3205 3249 142
3249 3204 240
3204 3196 101
3196 3144 180
3144 3114 167
3114 3004 288
3004 3079 425
3079 2983 234
2983 2891 217
2891 2779 236
2779 2737 172
2737 2719 158
2719 2698 127
2698 2559 234
2559 2449 237
2449 2448 133
2448 2549 167
2549 2624 137
2624 2670 164
2670 2773 222
2773 2845 133
2845 2772 298
2772 2794 174
2794 2707 211
2707 2688 219
2688 2574 217
2574 2573 167
2573 2606 174
2606 2614 167
2614 2623 183
2623 2643 47
2643 2706 105
2706 2697 150
2697 2728 134
2728 2761 201
2761 2844 240
2844 3010 422
3010 2877 380
2877 2958 217
2958 2899 157
2899 2918 186
2918 2970 133
2970 3011 254
3011 2919 330
2919 2925 251
2925 2990 167
2990 3049 201
3049 3060 154
3060 3122 174
3122 3202 279
3202 3213 201
3213 3236 118
3236 3180 358
3180 3203 149
3203 3310 311
3310 3330 112
3330 3405 300
3405 3417 370
3417 3467 337
3467 3461 217
3461 3460 250
3460 3608 537
3608 3551 435
3551 3590 154
3590 3596 53
3596 3628 112
3628 3658 359
3658 3660 417
3660 3667 350
3667 3668 183
3668 3686 112
3686 3625 239
3625 3557 401
3557 3414 513
3414 3400 190
3400 3424 167
3424 3455 118
3455 3510 184
3510 3576 217
3576 3597 337
3597 3672 284
3672 3604 377
3604 3609 134
3609 3673 251
3673 3747 300
3747 3850 403
3850 3780 314
3780 3740 180
3740 3757 172
3757 3705 217
3705 3669 157
3669 3634 157
3634 3610 300
3610 3542 264
3542 3496 170
3496 3462 121
3462 3425 137
3425 3491 357
3491 3456 285
3456 3352 504
3352 3332 324
3332 3250 234
3250 3187 324
3187 3219 254
3219 3322 367
3322 3380 306
3380 3438 276
3438 3457 190
3457 3479 291
3479 3561 285
3561 3626 252
3626 3687 342
3687 3676 186
3676 3675 133
3675 3674 133
3674 3733 254
3733 3710 186
3710 3741 291
3741 3781 167
3781 3799 83
3799 3821 107
3821 3829 252
3829 3830 333
3830 3831 317
3831 3825 134
3825 3822 251
3822 3813 170
3813 3808 85
3808 3833 112
3833 3975 591
3975 3933 328
3933 3843 449
3843 3765 327
3765 3800 250
3800 3776 141
3776 3816 170
3816 3836 157
3836 3873 177
3873 3897 101
3897 3917 107
3917 3837 332
3837 3783 273
3783 3784 83
3784 3794 288
3794 3801 184
3801 3864 269
3864 3870 170
3870 3881 158
3881 3904 112
3904 3851 261
3851 3802 190
3802 3766 237
3766 3771 33
3771 3785 97
3785 3803 75
3803 3795 300
3795 3701 385
3701 3680 120
3680 3679 150
3679 3647 100
3647 3646 17
3646 3623 291
3623 3591 177
3591 3552 264
3552 3511 213
3511 3577 239
3577 3588 142
3588 3595 190
3595 3633 134
3633 3695 287
3695 3746 224
3746 3735 112
3735 3707 130
3707 3657 217
3657 3636 143
3636 3653 291
3653 3661 190
3661 3694 141
3694 3611 344
3611 3635 120
3635 3659 130
3659 3690 141
3690 3656 217
3656 3622 190
3622 3585 172
3585 3531 237
3531 3480 186
3480 3473 37
3473 3481 37
3481 3532 232
3532 3543 186
3543 3482 248
3482 3469 60
3469 3436 101
3436 3418 157
3418 3474 224
3474 3458 222
3458 3448 118
3448 3444 17
3444 3440 151
3440 3411 167
3411 3392 201
3392 3369 300
3369 3318 203
3318 3303 203
3303 3295 118
3295 3221 232
3221 3198 164
3198 3163 154
3163 3133 190
3133 3099 269
3099 2978 302
2978 2921 201
2921 2819 203
2819 2763 190
2763 2762 117
2762 2722 269
2722 2647 227
2647 2540 184
2540 2365 306
2365 2366 383
2366 2523 331
2523 2524 150
2524 2664 380
2664 2683 154
2683 2568 186
2568 2551 252
2551 2265 483
2265 2203 107
2203 2224 285
2224 2240 300
2240 2241 17
2241 2242 333
2242 2428 327
2428 2472 130
2472 2515 304
2515 2553 291
2553 2552 117
2552 2690 248
2690 2797 254
2797 2931 291
2931 2796 377
2796 2764 107
2764 2854 170
2854 2885 201
2885 2947 227
2947 2985 112
2985 3071 240
3071 3134 227
3134 3100 154
3100 3138 269
3138 3181 344
3181 3239 167
3239 3287 180
3287 3394 334
3394 3459 298
3459 3427 143
3427 3430 251
3430 3370 291
3370 3348 149
3348 3297 158
3297 3304 151
3304 3247 194
3247 3199 177
3199 3238 401
3238 3246 201
3246 3296 164
3296 3312 203
3312 3343 105
3343 3324 243
3324 3393 283
3393 3449 283
3449 3475 164
3475 3544 264
3544 3568 97
3568 3499 310
3499 3521 120
3521 3562 217
3562 3605 201
3605 3641 277
3641 3681 276
3681 3736 219
3736 3717 356
3717 3752 248
3752 3823 275
3823 3807 275
3807 3871 342
3871 3844 269
3844 3859 174
3859 3817 172
3817 3742 327
3742 3662 284
3662 3612 254
3612 3624 170
3624 3586 154
3586 3559 167
3559 3533 134
3533 3487 227
3487 3538 203
3538 3539 150
3539 3629 359
3629 3696 255
3696 3743 217
3743 3782 170
3782 3890 433
3890 3838 389
3838 3789 183
3789 3722 300
3722 3642 306
3642 3569 487
3569 3663 385
3663 3691 376
3691 3617 284
3617 3630 97
3630 3639 255
3639 3654 304
3654 3737 307
3737 3814 348
3814 3826 190
3826 3834 186
3834 3769 324
3769 3767 334
3767 3749 71
3749 3804 206
3804 3827 300
3827 3852 201
3852 3861 47
3861 3893 137
3893 3892 117
3892 3908 186
3908 3899 142
3899 3885 158
3885 3865 316
3865 3898 180
3898 3929 167
3929 3918 222
3918 3891 385
3891 3905 94
3905 3974 309
3974 3996 99
3996 4011 233
4011 4012 125
4012 3958 148
3958 3956 72
3956 3995 128
3995 3973 112
3973 3959 127
3959 3990 105
3990 4023 88
4023 4042 160
4042 4027 62
4027 3989 90
3989 4026 166
4026 3978 123
3978 3968 173
3968 4013 117
4013 4040 130
4040 4062 115
4062 4090 98
4090 4089 31
4089 4108 81
4108 4123 127
4123 4124 107
4124 4146 168
4146 4158 58
4158 4165 174
4165 4157 65
4157 4152 32
4152 4144 53
4144 4128 152
4128 4132 150
4132 4161 196
4161 4180 200
4180 4187 221
4187 4196 59
4196 4210 66
4210 4274 623
4274 4213 786
4213 4189 350
4189 4163 243
4163 4159 88
4159 4142 104
4142 4141 128
4141 4140 336
4140 4122 142
4122 4100 134
4100 4058 194
4058 3979 287
3979 4014 232
4014 4048 117
4048 4068 97
4068 4097 120
4097 4115 130
4115 4138 164
4138 4169 234
4169 4183 201
4183 4203 100
4203 4211 243
4211 4221 519
4221 4227 211
4227 4226 434
4226 4287 628
4287 4222 604
4222 4228 60
4228 4232 167
4232 4237 554
4237 4248 395
4248 4251 107
4251 4289 234
4289 4306 186
4306 4297 291
4297 4331 219
4331 4341 143
4341 4337 275
4337 4328 83
4328 4312 105
4312 4321 120
4321 4317 184
4317 4314 154
4314 4310 154
4310 4307 184
4307 4329 177
4329 4334 154
4334 4351 275
4351 4342 300
4342 4350 120
4350 4359 167
4359 4361 137
4361 4366 165
4366 4370 133
4370 4372 118
4372 4385 799
4385 4413 1347
4413 4419 1088
4419 4404 755
4404 4400 1106
4400 4399 33
4399 4397 883
4397 4396 267
4396 4398 105
4398 4492 2450
4492 4497 569
4497 4493 667
4493 4482 527
4482 4498 1339
4498 4517 492
4517 4514 1019
4514 4521 1979
4521 4528 775
4528 4477 1419
4477 4420 1833
4420 4411 330
4411 4414 134
4414 4395 975
4395 4374 1223
4374 4352 671
4352 4344 118
4344 4349 149
4349 4343 83
4343 4332 190
4332 4335 118
4335 4336 284
4336 4326 211
4326 4320 154
4320 4298 366
4298 4278 271
4278 4252 177
4252 4256 434
4256 4272 275
4272 4280 149
4280 4247 342
4247 4296 422
4296 4315 142
4315 4325 69
4325 4338 172
4338 4319 117
4319 4309 425
4309 4316 120
4316 4318 69
4318 4303 177
4303 4295 50
4295 4286 127
4286 4265 167
4265 4255 112
4255 4239 354
4239 4230 154
4230 4223 219
4223 4219 83
4219 4208 83
4208 4199 304
4199 4204 350
4204 4218 100
4218 4229 85
4229 4238 118
4238 4246 180
4246 4264 174
4264 4271 118
4271 4355 1041
4355 4347 311
4347 4348 134
4348 4324 380
4324 4311 101
4311 4308 167
4308 4330 157
4330 4313 141
4313 4299 85
4299 4302 118
4302 4301 150
4301 4261 317
4261 4270 335
4270 4275 217
4275 4254 107
4254 4269 107
4269 4284 186
4284 4260 121
4260 4258 217
4258 4234 375
4234 4184 352
4184 3847 1556
3847 3856 201
3856 3819 337
3819 3809 60
3809 3806 121
3806 3761 273
3761 3684 716
3684 3683 283
3683 3685 184
3685 3739 664
3739 3730 53
3730 3724 90
3724 3697 105
3697 3750 297
3750 3755 85
3755 3729 261
3729 3723 105
3723 3815 383
3815 3855 157
3855 3854 133
3854 3862 219
3862 3879 264
3879 3878 183
3878 4006 555
4006 3998 300
3998 3960 180
3960 3874 507
3874 3868 137
3868 3867 200
3867 3768 481
3768 3841 300
3841 3858 255
3858 3913 255
3913 3930 243
3930 3934 137
3934 4064 495
4064 3997 426
3997 4015 170
4015 3985 67
3985 3969 112
3969 3941 248
3941 3940 267
3940 3909 151
3909 3900 127
3900 3919 143
3919 3894 134
3894 3877 50
3877 3872 154
3872 3853 157
3853 3857 101
3857 3839 97
3839 3818 85
3818 3797 118
3797 3759 250
3759 3712 200
3712 3718 234
3718 3648 292
3648 3600 183
3600 3560 284
3560 3500 206
3500 3476 90
3476 3399 285
3399 3373 137
3373 3306 211
3306 3291 368
3291 3232 167
3232 3172 186
3172 3092 259
3092 3034 164
3034 2973 180
2973 2878 331
2878 2997 291
2997 3076 186
3076 3145 217
3145 3061 331
3061 3124 329
3124 3174 209
3174 3228 277
3228 3248 174
3248 3334 255
3334 3269 194
3269 3290 83
3290 3331 112
3331 3362 101
3362 3404 201
3404 3445 209
3445 3484 100
3484 3515 134
3515 3534 83
3534 3570 165
3570 3599 133
3599 3655 232
3655 3682 217
3682 3627 206
3627 3598 157
3598 3589 164
3589 3566 157
3566 3488 288
3488 3501 180
3501 3520 259
3520 3523 201
3523 3502 107
3502 3452 174
3452 3451 117
3451 3432 217
3432 3407 194
3407 3382 101
3382 3361 254
3361 3349 318
3349 3403 370
3403 3464 287
3464 3442 340
3442 3388 236
3388 3319 276
3319 3333 321
3333 3305 186
3305 3268 83
3268 3227 134
3227 3164 201
3164 3105 203
3105 3043 300
3043 3052 118
3052 3085 254
3085 3072 271
3072 3075 217
3075 3102 211
3102 3127 264
3127 3118 121
3118 3006 284
3006 2909 236
2909 2944 149
2944 2875 164
2875 2692 425
2692 2691 233
2691 2729 217
2729 2814 284
2814 2940 283
2940 3057 352
3057 3101 165
3101 3208 337
3208 3274 222
3274 3289 154
3289 3344 201
3344 3275 237
3275 3253 120
3253 3182 306
3182 3251 240
3251 3256 236
3256 3267 236
3267 3360 283
3360 3372 137
3372 3441 317
3441 3431 239
3431 3420 271
3420 3366 239
3366 3359 267
3359 3406 203
3406 3412 69
3412 3402 186
3402 3505 401
3505 3492 149
3492 3463 118
3463 3522 227
3522 3565 240
3565 3514 314
3514 3483 142
3483 3450 85
3450 3419 213
3419 3371 239
3371 3288 254
3288 3215 236
3215 3207 151
3207 3084 380
3084 3042 385
3042 2992 322
2992 2932 167
2932 2866 213
2866 2758 254
2758 2738 318
2738 2708 327
2708 2673 356
2673 2339 585
2339 2175 250
2175 2253 543
2253 2380 219
2380 2137 717
2137 2361 417
2361 2243 260
2243 2403 367
2403 2404 333
2404 2414 367
2414 2102 522
2102 2186 189
2186 2294 190
2294 2367 227
2367 2429 224
2429 2590 269
2590 2609 252
2609 2618 201
2618 2684 100
2684 2634 340
2634 2648 317
2648 2633 151
2633 2700 332
2700 2730 120
2730 2750 112
2750 2815 406
2815 2835 37
2835 2855 170
2855 2933 343
2933 3025 252
3025 3044 219
3044 3058 186
3058 2979 186
2979 2972 151
2972 2847 328
2847 2739 211
2739 2740 150
2740 2790 194
2790 2701 240
2701 2575 224
2575 2562 170
2562 2541 219
2541 2430 366
2430 2396 158
2396 2368 222
2368 2121 412
2121 2295 292
2295 2244 157
2244 2110 195
2110 2187 246
2187 2128 327
2128 2340 510
2340 2451 310
2451 2405 195
2405 2431 33
2431 2459 127
2459 2466 300
2466 2473 69
2473 2507 75
2507 2432 190
2432 2564 295
2564 2467 190
2467 2406 101
2406 2415 85
2415 2308 206
2308 2103 304
2103 2138 69
2138 2369 412
2369 2397 71
2397 2487 237
2487 2433 167
2433 2296 243
2296 2148 333
2148 2204 243
2204 2162 190
2162 2275 180
2275 2276 67
2276 2398 232
2398 2488 154
2488 2489 150
2489 2509 24
2509 2577 177
2577 2674 164
2674 2532 962
2532 2508 60
2508 2576 269
2576 2665 142
2665 2781 259
2781 2867 170
2867 2942 180
2942 2948 75
2948 2951 17
2951 2993 120
2993 3077 271
3077 3106 118
3106 3223 580
3223 3190 364
3190 3166 227
3166 3165 283
3165 3189 227
3189 3157 316
3157 3200 167
3200 3292 275
3292 3325 118
3325 3374 224
3374 3397 291
3397 3389 269
3389 3363 121
3363 3320 137
3320 3276 120
3276 3222 167
3222 3210 50
3210 3160 201
3160 3156 17
3156 3159 85
3159 3146 127
3146 3125 97
3125 3111 154
3111 3015 307
3015 3026 37
3026 3036 267
3036 2980 167
2980 2934 134
2934 2879 130
2879 2836 141
2836 2731 232
2731 2563 352
2563 2601 291
2601 2649 107
2649 2709 105
2709 2816 243
2816 2903 209
2903 2941 195
2941 2986 227
2986 3035 322
3035 3086 201
3086 3139 180
3139 3183 240
3183 3209 324
3209 3240 105
3240 3257 107
3257 3307 121
3307 3353 158
3353 3395 158
3395 3408 67
3408 3421 436
3421 3446 143
3446 3485 130
3485 3516 149
3516 3553 117
3553 3578 107
3578 3535 240
3535 3583 172
3583 3631 232
3631 3664 190
3664 3702 149
3702 3738 143
3738 3754 112
3754 3777 85
3777 3791 67
3791 3772 264
3772 3805 127
3805 3845 248
3845 3846 83
3846 3886 194
3886 3887 83
3887 3840 237
3840 3760 350
3760 3744 311
3744 3703 158
3703 3670 134
3670 3643 130
3643 3618 134
3618 3579 236
3579 3524 170
3524 3525 200
3525 3554 327
3554 3465 335
3465 3545 329
3545 3546 150
3546 3563 222
3563 3580 502
3580 3581 300
3581 3277 1038
3277 3285 118
3285 3263 190
3263 3211 227
3211 3158 154
3158 3184 143
3184 3233 250
3233 3278 157
3278 3313 376
3313 3298 75
3298 3224 219
3224 3175 375
3175 3103 342
3103 3136 143
3136 3135 450
3135 3119 158
3119 3216 343
3216 3080 403
3080 2999 232
2999 2965 85
2965 3028 212
3028 3062 97
3062 3093 157
3093 3094 117
3094 3078 112
3078 3017 189
3017 3007 137
3007 3046 85
3046 3167 370
3167 3192 143
3192 3128 246
3128 3018 306
3018 3012 37
3012 2894 291
2894 2783 248
2783 2554 436
2554 2579 387
2579 2474 186
2474 2417 130
2417 2416 450
2416 2635 453
2635 2666 90
2666 2765 239
2765 2822 118
2822 2848 105
2848 2886 130
2886 2935 186
2935 2837 295
2837 2893 227
2893 2821 224
2821 2591 660
2591 2651 101
2651 2650 33
2650 2820 450
2820 2922 224
2922 2953 83
2953 3027 184
3027 3045 186
3045 2998 224
2998 3016 71
3016 2952 260
2952 2910 180
2910 2868 209
2868 2798 134
2798 2782 60
2782 2710 418
2710 2578 239
2578 2460 271
2460 2382 167
2382 2381 17
2381 2407 255
2407 2245 283
2245 2176 279
2176 2297 180
2297 2316 60
2316 2298 37
2298 2163 195
2163 2149 101
2149 2111 406
2111 2129 252
2129 2205 141
2205 2188 118
2188 2112 154
2112 2139 206
2139 2122 484
2122 2225 172
2225 2246 267
2246 2328 306
2328 2317 451
2317 2390 137
2390 2452 269
2452 2580 217
2580 2652 177
2652 2784 298
2784 2766 285
2766 2785 105
2785 2823 232
2823 2911 337
2911 3053 335
3053 3063 75
3063 3147 255
3147 3073 628
3073 3037 97
3037 2912 311
2912 2824 284
2824 2741 167
2741 2653 201
2653 2461 318
2461 2354 183
2354 2266 366
2266 2215 195
2215 2226 118
2226 2130 269
2130 2189 83
2189 2277 232
2277 2267 184
2267 2164 137
2164 2165 83
2165 2123 107
2123 2166 69
2166 2167 33
2167 2216 120
2216 2255 71
2255 2247 69
2247 2254 37
2254 2287 60
2287 2299 69
2299 2309 24
2309 2300 69
2300 2278 37
2278 2329 130
2329 2318 47
2318 2325 101
2325 2341 105
2341 2331 24
2331 2330 17
2330 2279 167
2279 2190 127
2190 2150 112
2150 2113 67
2113 2047 273
2047 2066 37
2066 2048 203
2048 2024 75
2024 1962 149
1962 1930 83
1930 1931 50
1931 1902 60
1902 1867 85
1867 1866 33
1866 1850 85
1850 1849 67
1849 1848 33
1848 1821 227
1821 1803 53
1803 1828 149
1828 1829 50
1829 1945 254
1945 1988 75
1988 2006 53
2006 2025 97
2025 2056 97
2056 2057 67
2057 2075 53
2075 2095 134
2095 2140 97
2140 2191 69
2191 2227 50
2227 2206 75
2206 2248 112
2248 2168 112
2168 2033 291
2033 2067 180
2067 1910 398
1910 1963 412
1963 2114 410
2114 2038 237
2038 2077 380
2077 2192 432
2192 2207 24
2207 2228 33
2228 2301 167
2301 2342 217
2342 2409 190
2409 2476 261
2476 2627 276
2627 2636 53
2636 2675 60
2675 2713 195
2713 2619 172
2619 2714 264
2714 2895 490
2895 2923 71
2923 3038 284
3038 2987 143
2987 2962 69
2962 2956 434
2956 3008 134
3008 3013 69
3013 3021 184
3021 3059 118
3059 3089 507
3089 3148 380
3148 3113 261
3113 3001 285
3001 2982 158
2982 3000 97
3000 2981 112
2981 2967 47
2967 2961 24
2961 2966 53
2966 3112 370
3112 3054 418
3054 3126 347
3126 2995 353
2995 2974 71
2974 2946 201
2946 2904 143
2904 2880 71
2880 2955 236
2955 3020 174
3020 2954 236
2954 2914 101
2914 2876 90
2876 2936 165
2936 2888 97
2888 2825 137
2825 2770 143
2770 2712 149
2712 2744 172
2744 2723 60
2723 2736 75
2736 2800 137
2800 2861 127
2861 2887 83
2887 2870 83
2870 2838 134
2838 2799 134
2799 2759 97
2759 2743 60
2743 2742 50
2742 2769 97
2769 2732 90
2732 2711 71
2711 2768 283
2768 2655 236
2655 2626 37
2626 2569 101
2569 2602 83
2602 2440 333
2440 2475 94
2475 2533 97
2533 2534 67
2534 2592 120
2592 2583 37
2583 2491 172
2491 2320 302
2320 2319 133
2319 2268 97
2268 2288 33
2288 2384 203
2384 2311 240
2311 2332 60
2332 2310 142
2310 2280 142
2280 2408 287
2408 2582 285
2582 2490 321
2490 2435 154
2435 2418 17
2418 2399 154
2399 2371 158
2371 2362 118
2362 2370 17
2370 2383 24
2383 2434 83
2434 2510 322
2510 2542 75
2542 2581 67
2581 2654 203
2654 2702 186
2702 2767 224
2767 2869 260
2869 2913 141
2913 3088 438
3088 3064 75
3064 2945 370
2945 2994 213
2994 3087 233
3087 3029 201
3029 3047 75
3047 3096 142
3096 3019 310
3019 3095 209
3095 3140 158
3140 3168 201
3168 3234 283
3234 3355 369
3355 3409 440
3409 3477 366
3477 3507 177
3507 3517 121
3517 3613 350
3613 3725 417
3725 3732 203
3732 3644 332
3644 3536 417
3536 3526 302
3526 3383 576
3383 3299 347
3299 3279 502
3279 3335 172
3335 3350 97
3350 3354 17
3354 3364 517
3364 3390 232
3390 3470 317
3470 3506 157
3506 3571 232
3571 3619 184
3619 3665 224
3665 3719 184
3719 3708 285
3708 3720 75
3720 3731 174
3731 3745 97
3745 3786 380
3786 3848 478
3848 3866 149
3866 3902 388
3902 3920 211
3920 3937 224
3937 3950 158
3950 3999 469
3999 4000 150
4000 3986 269
3986 4052 250
4052 3987 206
3987 3935 186
3935 3914 141
3914 3880 264
3880 3842 151
3842 3810 134
3810 3798 60
3798 3756 167
3756 3709 203
3709 3728 340
3728 3620 513
3620 3572 186
3572 3537 177
3537 3478 254
3478 3453 134
3453 3422 213
3422 3336 366
3336 3326 75
3326 3384 217
3384 3433 295
3433 3375 559
3375 3423 201
3423 3466 300
3466 3486 420
3486 3356 837
3356 3434 678
3434 3573 578
3573 3555 521
3555 3547 284
3547 3567 149
3567 3556 337
3556 3548 184
3548 3367 847
3367 3241 444
3241 3314 201
3314 3327 105
3327 3410 403
3410 3540 511
3540 3489 477
3489 3493 17
3493 3601 578
3601 3748 586
3748 3726 246
3726 3820 543
3820 3490 2224
3490 3527 201
3527 3637 744
3637 3671 142
3671 3773 403
3773 3762 158
3762 3775 112
3775 3774 83
3774 3792 97
3792 3811 75
3811 3863 184
3863 3883 254
3883 3923 174
3923 3965 170
3965 3982 370
3982 3964 1184
3964 3981 158
3981 3944 232
3944 3980 190
3980 4016 172
4016 4045 154
4045 4030 195
4030 4007 158
4007 4041 154
4041 4060 97
4060 4065 118
4065 4117 219
4117 4174 589
4174 4171 75
4171 4177 69
4177 4235 433
4235 4291 543
4291 4300 118
4300 4240 803
4240 4209 366
4209 4216 142
4216 4155 537
4155 4084 534
4084 3955 566
3955 3946 60
3946 4076 412
4076 4106 137
4106 4116 105
4116 4129 112
4129 4149 201
4149 4162 97
4162 4178 167
4178 4185 142
4185 4194 137
4194 4201 321
4201 4215 130
4215 4231 101
4231 4290 617
4290 4253 393
4253 4214 450
4214 4212 101
4212 4200 130
4200 4193 53
4193 4179 75
4179 4172 85
4172 4166 83
4166 4148 154
4148 4113 403
4113 4093 130
4093 4083 105
4083 3945 453
3945 3954 85
3954 3921 212
3921 3910 121
3910 3970 234
3970 3953 97
3953 3906 203
3906 3882 224
3882 3943 271
3943 3963 134
3963 3994 97
3994 4020 243
4020 4104 366
4104 4037 285
4037 4053 94
4053 4069 107
4069 4082 127
4082 4088 167
4088 4111 141
4111 4112 133
4112 4154 424
4154 4181 297
4181 4224 401
4224 4266 804
4266 4242 285
4242 4164 1050
4164 4126 271
4126 4110 130
4110 4031 332
4031 3993 130
3993 3988 151
3988 3952 112
3952 3977 195
3977 3931 273
3931 3976 170
3976 4131 644
4131 4118 295
4118 4092 269
4092 3962 418
3962 3936 154
3936 3961 180
3961 3925 190
3925 3951 322
3951 3713 983
3713 3824 602
3824 3903 358
3903 3924 105
3924 3942 201
3942 3992 292
3992 4176 900
4176 4305 1120
4305 4292 1088
4292 4250 738
4250 4273 232
4273 4356 819
4356 4379 1278
4379 4367 1032
4367 4322 768
4322 4380 1418
4380 4383 685
4383 4422 1609
4422 4438 1202
4438 4430 1625
4430 4434 856
4434 4470 920
4470 4503 825
4503 4560 2229
4560 4596 1925
4596 4594 2185
4594 4598 1323
4598 4597 239
4597 4531 3490
4531 4513 1225
4513 4466 1247
4466 4461 112
4461 4451 250
4451 4423 1037
4423 4426 201
4426 4463 1438
4463 4417 1195
4417 4412 348
4412 4407 100
4407 4402 259
4402 4388 1245
4388 4386 259
4386 4384 248
4384 4364 853
4364 4357 158
4357 4382 943
4382 4394 660
4394 4416 619
4416 4436 730
4436 4468 884
4468 4479 664
4479 4452 591
4452 4424 784
4424 4418 448
4418 4406 481
4406 4428 705
4428 4444 347
4444 4440 302
4440 4441 101
4441 4446 47
4446 4435 422
4435 4442 112
4442 4431 248
4431 4447 307
4447 4445 451
4445 4448 120
4448 4449 149
4449 4454 143
4454 4464 134
4464 4469 154
4469 4462 177
4462 4471 361
4471 4472 37
4472 4481 367
4481 4475 321
4475 4478 69
4478 4480 94
4480 4483 134
4483 4484 24
4484 4485 83
4485 4499 219
4499 4519 485
4519 4529 546
4529 4524 284
4524 4520 321
4520 4510 184
4510 4515 279
4515 4532 2008
4532 4571 2122
4571 4579 1631
4579 4577 60
4577 4578 184
4578 4567 285
4567 4569 422
4569 4566 112
4566 4575 1395
4575 4564 264
4564 4572 260
4572 4549 1142
4549 4547 900
4547 4543 580
4543 4552 354
4552 4537 510
4537 4534 287
4534 4526 414
4526 4533 453
4533 4522 554
4522 4511 306
4511 4500 307
4500 4494 314
4494 4488 507
4488 4490 468
4490 4508 354
4508 4495 575
4495 4474 500
4474 4473 83
4473 4467 167
4467 4455 180
4455 4487 857
4487 4491 195
4491 4523 772
4523 4504 638
4504 4501 469
4501 4512 470
4512 4516 224
4516 4527 1843
4527 4538 703
4538 4545 413
4545 4556 712
4556 4561 259
4561 4559 611
4559 4563 284
4563 4568 284
4568 4576 158
4576 4574 436
4574 4580 250
4580 4584 321
4584 4586 37
4586 4585 37
4585 4582 37
4582 4565 555
4565 4581 1188
4581 4591 518
4591 4593 492
4593 4599 1841
4599 4613 2029
4613 4618 1193
4618 4640 2193
4640 4632 1635
4632 4623 2493
4623 4615 795
4615 4606 2028
4606 4614 1157
4614 4624 918
4624 4628 544
4628 4631 626
4631 4635 1012
4635 4638 658
4638 4641 4126
4641 4642 85
4642 4604 3491
4604 4612 2631
4612 4636 3174
4636 4643 648
4643 4644 393
4644 4650 1893
4650 4657 7244
4657 4649 4819
4649 4646 906
4646 4634 3563
4634 4630 486
4630 4620 996
4620 4601 3320
4601 4602 154
4602 4558 3048
4558 4551 1253
4551 4548 53
4548 4588 2320
4588 4592 1060
4592 4555 1500
4555 4544 453
4544 4541 899
4541 4509 1446
4509 4518 958
4518 4505 314
4505 4465 1075
4465 4459 120
4459 4457 37
4457 4456 217
4456 4450 313
4450 4496 1140
4496 4539 1557
4539 4546 1628
4546 4611 4277
4611 4633 3770
4633 4622 1932
4622 4619 1096
4619 4659 11062
4659 4655 9557
4655 4651 2745
4651 4639 2585
4639 4627 2548
4627 4590 4318
4590 4530 2466
4530 4432 2747
4432 4507 3573
4507 4429 1807
4429 4387 1537
4387 4390 1891
4390 4425 2587
4425 4427 1351
4427 4433 1307
4433 4437 101
4437 4439 118
4439 4443 602
4443 4408 2133
4408 4401 440
4401 4378 1075
4378 4375 201
4375 4360 507
4360 4358 75
4358 4279 947
4279 4263 162
4263 4249 130
4249 4244 150
4244 4206 558
4206 4175 213
4175 4167 122
4167 4168 96
4168 4145 130
4145 4150 54
4150 4139 197
4139 4137 71
4137 4096 262
4096 4125 232
4125 4103 192
4103 4120 116
4120 4109 134
4109 4102 40
4102 4105 127
4105 4130 210
4130 4079 254
4079 4057 133
4057 4073 137
4073 4074 137
4074 4056 108
4056 4010 173
4010 4004 160
4004 3983 145
3983 4018 84
4018 4034 87
4034 4019 107
4019 4044 90
4044 4046 105
4046 4025 70
4025 4005 51
4005 3949 197
3949 3876 321
3876 3790 340
3790 3753 412
3753 3796 180
3796 3860 269
3860 3901 271
3901 3928 190
3928 3932 234
3932 4009 282
4009 4002 164
4002 4033 88
4033 4059 101
4059 4054 54
4054 4049 103
4049 4043 60
4043 4039 60
4039 4028 62
4028 4024 124
4024 4050 88
4050 4114 268
4114 4094 115
4094 4095 150
4095 4080 118
4080 4091 38
4091 4107 106
4107 4063 187
4063 4032 214
4032 4078 170
4078 4087 47
4087 4099 97
4099 4086 58
4086 4075 56
4075 4070 126
4070 4066 303
4066 4072 126
4072 4029 213
4029 3972 335
3972 3967 315
3967 4055 280
4055 4067 51
4067 4081 52
4081 4061 146
4061 4001 217
4001 3957 167
3957 4017 174
4017 3971 138
3971 4022 179
4022 4071 175
4071 4003 297
4003 3984 189
3984 4035 244
4035 4047 273
4047 4135 777
4135 4198 695
4198 4236 401
4236 4197 364
4197 4205 32
4205 4191 184
4191 4190 20
4190 4283 770
4283 4285 468
4285 4288 47
4288 4294 168
4294 4346 731
4346 4345 200
4345 4369 2207
4369 4377 591
4377 4268 1699
4268 4192 1143
4192 4233 814
4233 4339 1604
4339 4259 587
4259 4243 861
4243 4202 717
4202 4182 154
4182 3991 998
3991 3939 570
3939 4051 560
4051 4134 467
4134 4147 224
4147 4143 37
4143 4133 107
4133 4121 409
4121 4195 612
4195 4257 659
4257 4365 1148
4365 4327 784
4327 4277 455
4277 4151 1195
4151 4036 994
4036 3912 749
3912 3884 941
3884 3751 1148
3751 3889 1498
3889 3948 271
3948 4127 652
4127 4160 515
4160 4170 392
4170 4276 910
4276 4362 987
4362 4262 1485
4262 4225 464
4225 4245 611
4245 4267 486
4267 4333 770
4333 4304 501
4304 4340 975
4340 4173 1510
4173 3947 1103
3947 4136 944
4136 3896 1043
3896 3779 477
3779 3727 407
3727 3666 447
3666 3614 484
3614 3471 567
3471 3398 413
3398 3162 752
3162 3150 50
3150 3129 107
3129 3002 821
3002 2716 791
2716 2693 203
2693 2630 105
2630 2600 211
2600 2603 101
2603 2612 101
2612 2726 206
2726 2599 254
2599 2585 134
2585 2557 112
2557 2548 101
2548 2499 201
2499 2377 680
2377 2376 750
2376 2519 248
2519 2621 380
2621 2791 353
2791 2792 83
2792 2745 239
2745 2760 170
2760 2751 251
2751 2715 167
2715 2873 334
2873 3169 912
3169 3212 121
3212 3226 112
3226 3294 389
3294 3376 604
3376 3121 887
3121 3301 1350
3301 3308 101
3308 3194 358
3194 3177 71
3177 2831 1006
2831 2830 517
2830 2843 434
2843 2859 318
2859 2611 583
2611 2864 488
2864 2863 500
2863 2872 118
2872 2829 376
2829 2842 151
2842 2828 234
2828 3329 1354
3329 3504 674
3504 3345 2040
3345 2806 1625
2806 2827 255
2827 2841 267
2841 2556 589
2556 2547 24
2547 2598 409
2598 2498 433
2498 2725 1015
2725 2916 939
2916 2445 1032
2445 2546 236
2546 2597 85
2597 2526 177
2526 2497 190
2497 2496 67
2496 2481 101
2481 2454 158
2454 2444 151
2444 2400 195
2400 2375 255
2375 2334 291
2334 2313 127
2313 2305 184
2305 2282 186
2282 2304 47
2304 2195 292
2195 1880 669
1880 1879 50
1879 1878 83
1878 1937 217
1937 1951 90
1951 1959 69
1959 1999 107
1999 1992 53
1992 1971 60
1971 1908 117
1908 1907 217
1907 1887 97
1887 1846 94
1846 1827 83
1827 1799 85
1799 1740 227
1740 1758 83
1758 1757 83
1757 1727 107
1727 1712 83
1712 1739 248
1739 1766 195
1766 1775 121
1775 1774 167
1774 1826 236
1826 1900 250
1900 1986 151
1986 2029 133
2029 2043 170
2043 2107 167
2107 2087 127
2087 2063 85
2063 2076 635
2076 2020 554
2020 2012 24
2012 2037 149
2037 2064 60
2064 2099 177
2099 2118 121
2118 2142 190
2142 2233 127
2233 2323 137
2323 2453 393
2453 2465 24
2465 2537 190
2537 2629 194
2629 2811 354
2811 3218 1497
3218 3225 53
3225 3512 1379
3512 3645 630
3645 3693 464
3693 4077 1453
4077 4217 2809
4217 4293 2557
4293 3916 3112
3916 3699 867
3699 3649 918
3649 3603 772
3603 3700 418
3700 3938 1044
3938 4282 2210
4282 4371 1167
4371 4373 307
4373 4363 1521
4363 4376 392
4376 4389 734
4389 4410 834
4410 4453 1321
4453 4506 1424
4506 4535 1800
4535 4550 817
4550 4562 1477
4562 4600 2603
4600 4625 2786
4625 4608 3689
4608 4607 484
4607 4587 3884
4587 4629 5033
4629 4637 872
4637 4647 3406
4647 4648 401
4648 4653 1714
4653 4660 7255
4660 4658 4989
4658 4654 1978
4654 4656 2179
4656 4652 4621
4652 4661 16055
4661 4662 2583
4662 4645 13590
4645 4626 3154
4626 4609 2057
4609 4583 2871
4583 4525 2532
4525 4536 3732
4536 4589 2230
4589 4595 1408
4595 4557 2039
4557 4542 802
4542 4540 530
4540 4486 1782
4486 4460 1389
4460 4403 1805
4403 4353 2202
4353 4323 496
4323 4220 1430
4220 3966 1768
3966 3907 1108
3907 4085 1934
4085 3922 713
3922 3714 857
3714 3607 412
3607 3509 418
3509 3435 843
3435 3300 732
3300 3243 1874
3243 2571 1730
2571 2518 1154
2518 2424 427
2424 1764 1407
1764 1744 271
1744 1743 150
1743 1981 611
1981 2464 972
2464 2545 133
2545 2596 295
2596 2620 60
2620 2639 484
2639 2915 732
2915 3413 1525
3413 3763 3615
3763 3396 3086
3396 3692 1714
3692 4153 1884
4153 4156 69
4156 4368 2946
4368 4391 1769
4391 4392 717
4392 4409 979
4409 4458 1550
4458 4489 792
4489 4502 331
4502 4553 1836
4553 4573 1641
4573 4570 53
4570 4605 2862
4605 4603 1406
4603 4621 1999
4621 4617 970
4617 4616 284
4616 4610 2536
4610 4554 4848
4554 4476 2570
4476 4405 2164
4405 4421 2070
4421 4415 664
4415 4393 908
4393 4381 1085
4381 4354 929
4354 4281 1076
4281 4241 763
4241 4186 726
4186 4207 401
4207 4188 105
4188 3849 1827
3849 3793 333
3793 3788 121
3788 4021 2058
4021 4038 304
4038 4119 935
4119 4101 101
4101 4098 37
4098 4008 375
4008 3869 517
3869 3915 361
3915 3875 186
3875 3888 60
3888 3911 100
3911 3927 69
3927 3926 100
3926 3895 167
3895 3787 954
3787 3832 190
3832 3835 118
3835 3828 37
3828 3812 69
3812 3778 142
3778 3770 37
3770 3721 246
3721 3704 60
3704 3688 83
3688 3640 167
3640 3632 60
3632 3592 459
3592 3602 420
3602 3594 105
3594 3606 53
3606 3593 60
3593 3575 112
3575 3574 17
3574 3549 85
3549 3541 37
3541 3518 130
3518 3503 71
3503 3528 217
3528 3508 67
3508 3443 217
3443 3351 389
3351 3339 47
3339 3328 142
3328 3338 112
3338 3337 100
3337 3315 97
3315 3280 90
3280 3258 97
3258 3235 85
3235 3191 157
3191 3161 118
3161 3149 71
3149 3039 393
3039 3107 352
3107 3090 222
3090 3048 118
3048 2988 167
2988 2963 107
2963 2889 300
2889 2839 121
2839 2775 417
2775 2718 269
2718 2809 240
2809 2703 277
2703 2676 53
2676 2656 75
2656 2637 37
2637 2479 267
2479 2421 105
2421 2441 121
2441 2511 105
2511 2593 164
2593 2570 170
2570 2536 83
2536 2480 85
2480 2373 209
2373 2412 75
2412 2468 130
2468 2493 33
2493 2544 90
2544 2677 219
2677 2685 217
2685 2628 90
2628 2594 211
2594 2638 201
2638 2584 141
2584 2469 201
2469 2442 60
2442 2217 444
2217 2035 430
2035 2034 333
2034 2052 75
2052 2116 224
2116 2090 288
2090 2084 367
2084 2078 24
2078 2115 157
2115 2151 259
2151 2209 120
2209 2321 170
2321 2344 83
2344 2420 149
2420 2411 118
2411 2419 37
2419 2327 236
2327 2291 69
2291 2270 33
2270 2178 118
2178 2104 232
2104 2303 288
2303 2290 101
2290 2326 120
2326 2386 120
2386 2410 174
2410 2463 85
2463 2517 130
2517 2492 170
2492 2436 112
2436 2516 201
2516 2543 112
2543 2478 101
2478 2462 60
2462 2477 90
2477 2565 133
2565 2535 127
2535 2385 269
2385 2391 101
2391 2343 232
2343 2372 112
2372 2333 164
2333 2289 85
2289 2083 321
2083 2070 127
2070 2026 246
2026 1989 141
1989 1976 69
1976 2051 186
2051 2050 33
2050 2082 120
2082 2124 97
2124 2302 354
2302 2269 112
2269 2229 53
2229 2208 60
2208 2177 47
2177 2169 37
2169 2131 50
2131 2096 134
2096 2049 134
2049 1995 190
1995 1964 60
1964 1975 118
1975 1889 224
1889 1912 53
1912 1940 97
1940 1911 83
1911 1932 137
1932 1955 112
1955 1946 69
1946 1921 83
1921 1893 53
1893 1882 37
1882 1834 264
1834 1822 47
1822 1797 118
1797 1767 120
1767 1747 71
1747 1718 97
1718 1719 133
1719 1732 53
1732 1761 75
1761 1840 276
1840 1835 37
1835 1851 170
1851 1823 94
1823 1841 53
1841 1852 134
1852 1890 211
1890 1812 158
1812 1794 83
1794 1778 203
1778 1768 53
1768 1753 37
1753 1748 53
1748 1729 50
1729 1707 120
1707 1676 172
1676 1670 53
1670 1665 184
1665 1680 97
1680 1647 121
1647 1628 69
1628 1601 97
1601 1607 69
1607 1600 118
1600 1617 90
1617 1593 142
1593 1559 118
1559 1548 33
1548 1505 167
1505 1558 134
1558 1572 33
1572 1592 71
1592 1634 83
1634 1652 69
1652 1659 47
1659 1675 97
1675 1685 50
1685 1695 60
1695 1706 83
1706 1714 151
1714 1728 112
1728 1760 118
1760 1723 100
1723 1713 60
1713 1700 37
1700 1682 130
1682 1656 130
1656 1651 17
1651 1643 47
1643 1646 24
1646 1639 47
1639 1616 50
1616 1599 47
1599 1585 90
1585 1571 33
1571 1553 50
1553 1547 85
1547 1521 69
1521 1510 24
1510 1509 50
1509 1496 60
1496 1528 97
1528 1537 75
1537 1546 53
1546 1552 37
1552 1598 117
1598 1591 85
1591 1633 85
1633 1645 83
1645 1632 71
1632 1597 69
1597 1590 53
1590 1557 85
1557 1545 121
1545 1520 94
1520 1485 165
1485 1473 50
1473 1469 37
1469 1462 33
1462 1437 167
1437 1424 75
1424 1411 71
1411 1402 33
1402 1297 291
1297 1320 190
1320 1328 101
1328 1275 203
1275 1284 69
1284 1351 174
1351 1375 75
1375 1400 60
1400 1442 211
1442 1447 24
1447 1463 107
1463 1425 206
1425 1412 97
1412 1383 279
1383 1352 130
1352 1401 165
1401 1438 217
1438 1448 33
1448 1455 53
1455 1465 97
1465 1479 75
1479 1481 85
1481 1474 47
1474 1511 172
1511 1554 316
1554 1566 137
1566 1532 90
1532 1497 105
1497 1502 167
1502 1512 137
1512 1503 60
1503 1618 347
1618 1602 219
1602 1555 121
1555 1492 174
1492 1498 134
1498 1475 105
1475 1472 101
1472 1456 157
1456 1451 90
1451 1452 37
1452 1430 118
1430 1391 264
1391 1403 154
1403 1376 275
1376 1392 154
1392 1407 53
1407 1434 165
1434 1439 90
1439 1449 252
1449 1466 194
1466 1533 354
1533 1586 177
1586 1603 33
1603 1619 236
1619 1549 167
1549 1538 17
1538 1529 90
1529 1539 252
1539 1534 53
1534 1560 120
1560 1576 53
1576 1677 275
1677 1577 626
1577 1567 335
1567 1573 69
1573 1561 75
1561 1574 385
1574 1550 164
1550 1578 232
1578 1608 604
1608 1587 486
1587 1579 300
1579 1568 137
1568 1588 97
1588 1620 107
1620 1678 190
1678 1666 60
1666 1653 97
1653 1660 47
1660 1671 60
1671 1686 134
1686 1708 130
1708 1724 97
1724 1769 118
1769 1771 24
1771 1779 60
1779 1784 53
1784 1804 107
1804 1830 120
1830 1914 224
1914 1922 85
1922 1895 97
1895 1915 37
1915 1891 206
1891 1947 118
1947 1967 121
1967 1996 83
1996 1966 271
1966 1913 130
1913 1853 134
1853 1868 24
1868 1894 94
1894 1965 213
1965 2133 422
2133 2170 53
2170 2132 190
2132 2179 134
2179 2093 164
2093 2085 69
2085 2092 24
2092 2091 117
2091 2117 190
2117 2152 94
2152 2230 154
2230 2392 427
2392 2443 130
2443 2422 37
2422 2393 53
2393 2423 60
2423 2413 184
2413 2494 213
2494 2566 118
2566 2678 186
2678 2733 217
2733 2801 190
2801 2826 53
2826 2881 127
2881 2964 237
2964 3040 184
3040 3009 120
3009 3055 141
3055 3081 157
3081 3120 112
3120 3142 143
3142 3141 67
3141 3151 121
3151 3176 143
3176 3193 60
3193 3229 141
3229 3254 143
3254 3264 203
3264 3316 306
3316 3377 357
3377 3340 328
3340 3317 143
3317 3286 134
3286 3281 167
3281 3270 85
3270 3271 417
3271 3293 112
3293 3272 112
3272 3242 224
3242 3217 639
3217 3082 500
3082 3065 83
3065 3030 327
3030 2957 237
2957 2882 373
2882 2817 910
2817 2802 568
2802 2803 533
2803 2818 269
2818 2292 978
2292 2193 696
2193 2256 523
2256 2293 174
2293 2495 680
2495 2555 285
2555 2610 300
2610 2657 149
2657 2840 972
2840 2862 436
2862 2849 137
2849 2856 184
2856 2871 170
2871 2850 271
2850 2851 150
2851 2857 284
2857 2858 383
2858 2804 526
2804 2810 284
2810 2805 251
2805 2724 287
2724 2595 380
2595 2525 117
2525 2374 292
2374 2322 300
2322 2260 559
2260 2210 83
2210 2232 75
2232 2181 134
2181 2086 314
2086 2312 997
2312 2007 767
2007 1923 236
1923 1816 284
1816 1787 167
1787 1710 318
1710 1717 118
1717 1742 97
1742 1773 172
1773 1798 172
1798 1824 186
1824 1857 134
1857 1856 67
1856 1815 107
1815 1883 134
1883 1897 47
1897 1896 133
1896 1855 201
1855 1905 120
1905 1934 112
1934 1941 69
1941 1978 149
1978 2001 127
2001 2027 180
2027 1933 240
1933 1904 53
1904 1916 167
1916 1903 118
1903 1800 234
1800 1873 224
1873 1842 112
1842 1786 186
1786 1722 260
1722 1763 134
1763 1814 195
1814 1957 300
1957 1977 219
1977 2053 259
2053 2060 69
2060 2071 121
2071 2080 170
2080 2059 94
2059 2098 165
2098 2153 316
2153 2180 203
2180 2249 327
2249 2259 251
2259 2258 167
2258 2281 186
2281 2094 288
2094 2271 333
2271 2257 184
2257 2218 222
2218 2231 37
2231 2194 142
2194 2134 279
2134 2097 120
2097 2079 97
2079 2058 120
2058 2018 209
2018 2036 83
2036 2039 37
2039 2068 83
2068 2040 71
2040 2011 85
2011 1968 254
1968 1948 90
1948 1956 85
1956 1854 250
1854 1831 174
1831 1813 121
1813 1805 53
1805 1795 107
1795 1772 134
1772 1770 118
1770 1715 306
1715 1701 90
1701 1720 142
1720 1725 101
1725 1733 121
1733 1749 137
1749 1762 37
1762 1785 107
1785 1734 250
1734 1687 209
1687 1696 288
1696 1750 167
1750 1726 94
1726 1716 121
1716 1721 134
1721 1702 71
1702 1703 100
1703 1697 33
1697 1698 167
1698 1662 158
1662 1622 254
1622 1594 239
1594 1541 142
1541 1396 600
1396 1345 165
1345 1293 157
1293 1223 184
1223 1152 174
1152 1194 105
1194 1227 107
1227 1245 255
1245 1193 283
1193 1141 217
1141 1060 201
1060 1118 101
1118 1136 37
1136 1174 120
1174 1218 186
1218 1238 149
1238 1251 154
1251 1292 269
1292 1330 90
1330 1360 90
1360 1365 24
1365 1413 142
1413 1395 120
1395 1409 60
1409 1418 47
1418 1417 17
1417 1443 142
1443 1476 167
1476 1580 318
1580 1641 149
1641 1672 127
1672 1621 373
1621 1644 94
1644 1661 195
1661 1630 118
1630 1655 232
1655 1667 255
1667 1654 83
1654 1640 83
1640 1629 154
1629 1609 37
1609 1540 186
1540 1468 298
1468 1458 105
1458 1427 170
1427 1394 133
1394 1435 260
1435 1428 60
1428 1384 172
1384 1321 194
1321 1266 157
1266 1222 143
1222 1277 250
1277 1329 143
1329 1305 112
1305 1285 50
1285 1221 213
1221 1173 101
1173 1151 75
1151 1117 195
1117 1101 17
1101 1074 60
1074 995 167
995 957 130
957 969 47
969 1047 151
1047 1048 83
1048 1037 24
1037 1054 186
1054 1127 177
1127 1009 217
1009 965 154
965 913 142
913 800 260
800 893 277
893 814 149
814 707 150
707 619 121
619 607 37
607 606 17
606 618 53
618 665 180
665 586 190
586 651 130
651 742 118
742 873 209
873 861 53
861 880 137
880 860 47
860 887 50
887 922 101
922 938 158
938 1069 314
1069 1022 130
1022 1046 174
1046 1053 151
1053 1126 157
1126 1125 33
1125 1192 190
1192 1204 37
1204 1210 53
1210 1211 133
1211 1244 112
1244 1304 201
1304 1313 37
1313 1408 310
1408 1353 154
1353 1298 133
1298 1258 167
1258 1243 252
1243 1209 105
1209 1172 120
1172 1100 164
1100 1099 17
1099 1217 234
1217 1167 141
1167 1203 83
1203 1150 143
1150 1140 85
1140 1116 50
1116 1124 24
1124 1166 180
1166 1171 101
1171 1149 107
1149 1091 112
1091 1084 53
1084 1073 37
1073 1029 141
1029 1002 83
1002 885 329
885 879 234
879 912 201
912 921 121
921 926 69
926 905 69
905 859 130
859 813 134
813 886 232
886 829 209
829 664 217
664 638 121
638 574 127
574 538 85
538 537 167
537 598 149
598 650 118
650 663 101
663 706 50
706 768 97
768 676 121
676 675 50
675 662 85
662 597 167
597 566 83
566 453 288
453 497 165
497 516 71
516 565 134
565 627 118
627 661 271
661 780 154
780 844 172
844 892 154
892 853 90
853 812 97
812 789 37
789 779 24
779 767 69
767 705 85
705 649 211
649 811 232
811 872 172
872 788 143
788 648 183
648 573 177
573 564 53
564 637 137
637 810 234
810 934 250
934 1000 538
1000 978 97
978 1001 60
1001 1083 167
1083 1072 118
1072 1115 75
1115 1202 201
1202 1201 133
1201 1200 133
1200 1199 167
1199 1165 69
1165 1208 201
1208 1467 829
1467 1493 157
1493 1499 69
1499 1562 343
1562 1422 1185
1422 1421 50
1421 1393 100
1393 1303 239
1303 1291 601
1291 1276 60
1276 1250 69
1250 1207 134
1207 1186 60
1186 1191 85
1191 1114 213
1114 1082 53
1082 1028 154
1028 1036 53
1036 1008 127
1008 937 154
937 911 85
911 809 248
809 843 137
843 871 60
871 858 53
858 828 60
828 808 17
808 799 37
799 798 17
798 807 118
807 842 33
842 878 69
878 877 83
877 948 195
948 977 69
977 964 105
964 989 60
989 968 90
968 976 85
976 967 37
967 1045 154
1045 999 130
999 1044 172
1044 1123 190
1123 1148 50
1148 1170 120
1170 1113 269
1113 1112 67
1112 1090 47
1090 1071 37
1071 1068 53
1068 1052 60
1052 1051 17
1051 1067 60
1067 1122 130
1122 1098 75
1098 1089 53
1089 1081 101
1081 1059 53
1059 1035 71
1035 994 118
994 1007 137
1007 963 101
963 956 24
956 920 172
920 876 165
876 827 425
827 870 94
870 841 142
841 787 120
787 741 83
741 719 37
719 616 137
616 559 232
559 617 127
617 550 177
550 647 227
647 535 264
535 536 17
536 551 75
551 488 224
488 514 107
514 509 37
509 473 85
473 451 134
451 452 133
452 441 142
441 437 37
437 445 121
445 424 213
424 515 417
515 482 201
482 442 167
442 421 157
421 398 107
398 376 75
376 369 85
369 368 134
368 377 75
377 389 24
389 404 116
404 378 102
378 330 183
330 331 117
331 332 83
332 359 291
359 370 53
370 390 105
390 397 75
397 433 190
433 454 157
454 489 101
489 552 164
552 544 101
544 528 71
528 455 170
455 490 97
490 503 75
503 498 118
498 499 33
499 530 90
530 539 85
539 491 127
491 510 60
510 545 118
545 492 134
492 474 105
474 493 75
493 475 47
475 456 83
456 504 121
504 476 149
476 448 83
448 464 120
464 449 120
449 434 120
434 429 37
429 425 112
425 400 186
400 305 395
305 309 69
309 326 134
326 351 167
351 371 157
371 399 97
399 406 101
406 405 250
405 345 295
345 299 184
299 303 69
303 318 83
318 304 164
304 289 112
289 278 53
278 276 17
276 259 97
259 264 101
264 271 53
271 237 142
237 217 120
217 220 37
220 200 120
200 197 37
197 175 239
175 147 142
147 166 211
166 139 137
139 134 121
134 140 37
140 129 107
129 120 60
120 115 75
115 121 120
121 148 190
148 173 120
173 179 127
179 158 117
158 163 151
163 176 83
176 180 37
180 188 75
188 204 97
204 208 118
208 229 101
229 221 137
221 248 134
248 272 186
272 273 33
273 310 177
310 295 112
295 315 157
315 346 121
346 362 275
362 356 121
356 372 69
372 379 24
379 407 143
407 410 17
410 427 67
427 620 534
620 881 367
881 996 347
996 1023 239
1023 935 324
935 1010 174
1010 1075 134
1075 1038 186
1038 990 180
990 939 141
939 896 190
896 862 97
862 815 69
815 753 264
753 708 83
708 639 143
639 575 134
575 567 37
567 587 112
587 621 60
621 686 154
686 540 267
540 500 130
500 517 174
517 511 101
511 518 134
518 483 118
483 460 60
460 417 297
417 380 154
380 435 254
435 494 201
494 553 180
553 546 134
546 531 47
531 579 121
579 599 75
599 666 101
666 790 224
790 864 180
864 882 186
882 863 90
863 854 300
854 830 47
830 927 246
927 979 165
979 970 53
970 980 17
980 1003 206
1003 940 149
940 958 137
958 1055 232
1055 1061 37
1061 981 174
981 941 248
941 997 117
997 991 134
991 1030 118
1030 1070 143
1070 1128 154
1128 1212 186
1212 1273 167
1273 1331 137
1331 1354 69
1354 1431 251
1431 1453 217
1453 1494 462
1494 1486 335
1486 1459 213
1459 1500 195
1500 1504 37
1504 1563 264
1563 1581 158
1581 1623 118
1623 1679 237
1679 1709 350
1709 1688 112
1688 1657 127
1657 1635 85
1635 1610 97
1610 1556 189
1556 1530 107
1530 1513 47
1513 1514 17
1514 1522 101
1522 1523 67
1523 1535 75
1535 1515 142
1515 1564 117
1564 1631 201
1631 1648 211
1648 1689 151
1689 1668 90
1668 1649 107
1649 1624 85
1624 1589 67
1589 1611 112
1611 1582 67
1582 1583 67
1583 1551 85
1551 1524 94
1524 1487 134
1487 1516 224
1516 1525 17
1525 1542 71
1542 1506 85
1506 1488 90
1488 1495 60
1495 1482 127
1482 1483 33
1483 1460 143
1460 1445 107
1445 1444 150
1444 1440 201
1440 1410 250
1410 1368 154
1368 1306 203
1306 1228 271
1228 1355 317
1355 1332 180
1332 1307 97
1307 1335 149
1335 1322 137
1322 1346 75
1346 1385 120
1385 1366 60
1366 1377 75
1377 1342 105
1342 1308 143
1308 1278 120
1278 1259 53
1259 1274 137
1274 1294 71
1294 1246 121
1246 1229 158
1229 1195 143
1195 1092 201
1092 1062 134
1062 1024 172
1024 1056 164
1056 1057 17
1057 1093 118
1093 982 297
982 928 322
928 894 112
894 791 248
791 709 121
709 640 85
640 754 443
754 547 398
547 576 69
576 667 180
667 687 154
687 720 105
720 816 142
816 874 186
874 897 75
897 923 75
923 949 75
949 1011 134
1011 1039 83
1039 1063 97
1063 1102 157
1102 1137 97
1137 1153 137
1153 1175 83
1175 1213 120
1213 1239 97
1239 1176 224
1176 1103 212
1103 1129 137
1129 1177 154
1177 1224 141
1224 1260 130
1260 1267 184
1267 1296 83
1296 1315 53
1315 1339 127
1339 1309 69
1309 1299 24
1299 1279 50
1279 1261 112
1261 1280 112
1280 1286 24
1286 1310 60
1310 1340 94
1340 1390 134
1390 1372 219
1372 1389 105
1389 1405 71
1405 1419 112
1419 1380 134
1380 1379 67
1379 1371 17
1371 1370 17
1370 1388 75
1388 1378 24
1378 1362 53
1362 1357 17
1357 1348 53
1348 1358 24
1358 1349 69
1349 1338 47
1338 1314 71
1314 1295 112
1295 1323 75
1323 1333 17
1333 1337 17
1337 1343 24
1343 1336 24
1336 1347 47
1347 1361 33
1361 1356 37
1356 1367 33
1367 1369 24
1369 1387 37
1387 1386 17
1386 1397 24
1397 1416 134
1416 1415 67
1415 1426 53
1426 1433 60
1433 1432 33
1432 1446 67
1446 1450 85
1450 1423 142
1423 1404 107
1404 1414 186
1414 1484 350
1484 1517 134
1517 1536 127
1536 1570 85
1570 1612 101
1612 1625 151
1625 1569 121
1569 1595 83
1595 1604 24
1604 1642 201
1642 1650 47
1650 1673 107
1673 1735 292
1735 1754 53
1754 1780 130
1780 1781 367
1781 1801 670
1801 1806 37
1806 1807 17
1807 1817 17
1817 1869 101
1869 1858 134
1858 1859 33
1859 1870 17
1870 1906 85
1906 1860 112
1860 1861 50
1861 1871 37
1871 1843 47
1843 1862 17
1862 1874 37
1874 1917 118
1917 1990 142
1990 1979 151
1979 1935 90
1935 1936 83
1936 1924 17
1924 1918 24
1918 1925 17
1925 1958 83
1958 1991 60
1991 1980 151
1980 2008 75
2008 2061 406
2061 2072 47
2072 2105 105
2105 2141 195
2141 2062 211
2062 2041 105
2041 2106 170
2106 2069 165
2069 1997 184
1997 1969 206
1969 1942 127
1942 1885 118
1885 1926 130
1926 1898 60
1898 1864 186
1864 1844 101
1844 1863 85
1863 1884 97
1884 1875 118
1875 1836 69
1836 1832 17
1832 1699 472
1699 1788 703
1788 1808 97
1808 1809 33
1809 1796 67
1796 1755 127
1755 1736 60
1736 1692 151
1692 1613 300
1613 1470 417
1470 1454 392
1454 1526 321
1526 1626 354
1626 1674 527
1674 1683 337
1683 1681 300
1681 1690 435
1690 1464 743
1464 1406 450
1406 1301 285
1301 1158 440
1158 1108 154
1108 1078 127
1078 1144 127
1144 1270 413
1270 1283 318
1283 1282 33
1282 1255 67
1255 1248 24
1248 1240 17
1240 1231 90
1231 1281 133
1281 1287 24
1287 1312 60
1312 1324 154
1324 1359 107
1359 1373 71
1373 1381 69
1381 1420 232
1420 1341 243
1341 1316 174
1316 1311 53
1311 1300 101
1300 1269 97
1269 1253 75
1253 1252 17
1252 1268 60
1268 1262 53
1262 1230 90
1230 1178 118
1178 1205 97
1205 1187 60
1187 1104 203
1104 1076 127
1076 1012 137
1012 1025 53
1025 971 101
971 983 167
983 950 180
950 924 69
924 914 236
914 906 37
906 907 83
907 855 177
855 792 172
792 653 186
653 710 120
710 652 75
652 628 47
628 580 85
580 519 172
519 465 306
465 461 24
461 466 53
466 532 190
532 581 143
581 577 37
577 588 121
588 589 50
589 721 183
721 831 292
831 722 154
722 641 167
641 668 154
668 622 94
622 554 133
554 505 154
505 548 167
548 512 248
512 582 167
582 654 121
654 677 121
677 731 69
731 817 127
817 832 24
832 845 37
845 898 143
898 998 243
998 1032 107
1032 1031 33
1031 943 186
943 925 206
925 951 83
951 942 37
942 966 71
966 984 60
984 1077 250
1077 1154 137
1154 1214 157
1214 1235 120
1235 1247 105
1247 1254 118
1254 1225 107
1225 1179 105
1179 1168 53
1168 1157 47
1157 1161 85
1161 1105 117
1105 1085 75
1085 1106 105
1106 1142 107
1142 1143 150
1143 1130 105
1130 1107 90
1107 1131 75
1131 1086 75
1086 1040 112
1040 1026 60
1026 1013 24
1013 1004 37
1004 985 71
985 945 107
945 929 60
929 944 90
944 908 100
908 865 105
865 781 118
781 755 47
755 756 50
756 769 24
769 757 118
757 689 97
689 688 33
688 678 101
678 600 134
600 590 24
590 555 97
555 520 85
520 501 97
501 541 105
541 623 180
623 642 60
642 669 37
669 690 37
690 711 24
711 723 37
723 733 17
733 732 17
732 758 33
758 759 33
759 793 50
793 801 24
801 833 37
833 846 37
846 866 60
866 883 60
883 895 33
895 888 37
888 899 105
899 917 97
917 930 60
930 986 118
986 1014 75
1014 972 172
972 1015 143
1015 987 69
987 931 127
931 875 151
875 847 53
847 867 137
867 856 69
856 818 97
818 802 37
802 794 24
794 782 24
782 783 33
783 770 24
770 771 33
771 760 17
760 761 17
761 772 24
772 803 50
803 819 24
819 820 33
820 834 37
834 835 33
835 785 83
785 763 37
763 773 24
773 784 24
784 762 47
762 735 33
735 725 53
725 726 33
726 712 24
712 696 37
696 681 24
681 695 85
695 680 17
680 643 50
643 630 17
630 672 83
672 671 17
671 670 17
670 679 17
679 693 17
693 694 17
694 745 67
745 744 17
744 743 33
743 734 37
734 724 24
724 692 37
692 691 17
691 655 53
655 629 47
629 568 127
568 484 200
484 506 158
506 542 130
542 549 24
549 560 75
560 608 101
608 601 37
601 602 17
602 603 67
603 656 85
656 657 17
657 682 47
682 736 67
736 737 67
737 848 164
848 901 154
901 900 17
900 915 47
915 936 94
936 952 90
952 973 53
973 1016 143
1016 1017 33
1017 1018 133
1018 1019 83
1019 1064 141
1064 1159 186
1159 1058 418
1058 1005 209
1005 1094 227
1094 1145 130
1145 1180 90
1180 1196 105
1196 1181 37
1181 1188 134
1188 1334 450
1334 1382 134
1382 1317 213
1317 1256 158
1256 1241 154
1241 1206 101
1206 1041 417
1041 902 318
902 796 248
796 775 33
775 715 130
715 727 85
727 728 50
728 716 53
716 702 24
702 683 37
683 610 112
610 611 83
611 673 85
673 684 37
684 738 107
738 747 53
747 659 118
659 645 53
645 632 17
632 543 186
543 570 107
570 593 60
593 612 37
612 633 37
633 625 53
625 626 100
626 526 239
526 556 107
556 613 143
613 634 203
634 594 243
594 718 170
718 786 130
786 824 127
824 890 121
890 959 195
959 932 180
932 889 190
889 869 53
869 804 157
804 750 107
750 717 53
717 685 47
685 749 157
749 748 233
748 851 137
851 838 101
838 916 167
916 974 150
974 1042 167
1042 1119 154
1119 1182 142
1182 1249 180
1249 1543 1174
1543 1782 743
1782 1837 687
1837 1838 100
1838 1982 291
1982 1949 174
1949 1983 50
1983 1998 105
1998 1886 227
1886 1899 121
1899 1892 24
1892 1865 75
1865 1833 60
1833 1845 154
1845 1756 269
1756 1765 69
1765 1745 222
1745 1737 17
1737 1738 133
1738 1783 137
1783 1818 127
1818 1919 203
1919 1970 105
1970 1927 157
1927 1877 101
1877 1876 67
1876 1819 127
1819 1810 17
1810 1751 200
1751 1776 279
1776 1950 400
1950 1984 337
1984 2002 174
2002 2042 117
2042 2019 149
2019 1985 101
1985 1928 180
1928 1872 127
1872 1825 85
1825 1790 203
1790 1789 17
1789 1777 105
1777 1711 201
1711 1691 327
1691 1565 384
1565 1507 142
1507 1531 158
1531 1527 17
1527 1489 117
1489 1477 112
1477 1461 90
1461 1457 53
1457 1429 158
1429 1326 358
1326 1325 17
1325 1344 112
1344 1288 137
1288 1138 367
1138 1033 217
1033 1043 234
1043 1162 255
1162 1160 134
1160 1020 367
1020 1132 284
1132 1110 219
1110 1109 183
1109 1065 201
1065 1079 137
1079 1049 94
1049 1006 97
1006 953 203
953 918 186
918 765 284
765 797 158
797 703 149
703 776 141
776 729 275
729 636 134
636 557 264
557 529 164
529 571 167
571 635 177
635 471 381
471 478 134
478 446 101
446 418 167
418 408 170
408 384 157
384 391 37
391 395 284
395 383 90
383 382 67
382 436 234
436 439 217
439 443 184
443 470 224
470 508 295
508 507 133
507 525 137
525 592 167
592 700 151
700 609 217
609 701 117
701 764 90
764 795 71
795 909 240
909 884 83
884 823 105
823 850 90
850 774 120
774 746 219
746 822 105
822 821 83
821 837 17
837 868 206
868 836 60
836 849 37
849 714 186
714 699 134
699 698 17
698 697 33
697 713 37
713 658 83
658 644 24
644 631 37
631 604 83
604 583 33
583 521 158
521 502 190
502 533 97
533 569 83
569 584 105
584 578 17
578 561 37
561 522 141
522 467 118
467 468 33
468 523 143
523 524 17
524 624 217
624 591 142
591 585 217
585 469 291
469 477 167
477 462 105
462 450 83
450 438 127
438 430 142
430 422 83
422 401 164
401 381 149
381 360 75
360 373 174
373 394 127
394 319 251
319 306 69
306 296 236
296 297 167
297 260 180
260 256 53
256 261 85
261 279 83
279 307 83
307 336 203
336 308 143
308 298 105
298 333 134
333 334 100
334 311 90
311 262 151
262 253 33
253 265 97
265 257 90
257 252 118
252 249 24
249 241 33
241 222 194
222 212 219
212 210 85
210 201 127
201 230 134
230 245 85
245 258 53
258 280 201
280 281 50
281 254 100
254 232 101
232 218 164
218 213 151
213 266 243
266 282 53
282 283 150
283 312 90
312 322 112
322 347 141
347 337 112
337 321 83
321 343 83
343 342 133
342 320 90
320 352 165
352 335 90
335 341 97
341 385 167
385 374 167
374 392 60
392 386 217
386 428 180
428 431 219
431 457 167
457 485 134
485 513 69
513 562 134
562 595 120
595 660 112
660 739 130
739 740 233
740 825 203
825 777 211
777 839 232
839 805 285
805 563 426
563 496 167
496 486 101
486 447 134
447 423 172
423 480 283
480 440 189
440 479 213
479 495 137
495 411 317
411 353 320
353 323 134
323 313 83
313 284 157
284 267 174
267 238 118
238 205 167
205 202 134
202 226 134
226 242 118
242 250 121
250 285 118
285 300 190
300 327 141
327 348 118
348 349 200
349 393 142
393 402 142
402 387 120
387 363 112
363 316 195
316 301 75
301 263 118
263 235 149
235 215 172
215 234 90
234 223 142
223 214 90
214 239 127
239 233 47
233 194 190
194 191 101
191 192 183
192 182 75
182 181 85
181 183 24
183 206 239
206 184 101
184 169 83
169 168 17
168 164 60
164 159 53
159 155 17
155 160 85
160 149 47
149 150 50
150 144 33
144 141 60
141 135 47
135 132 37
132 126 60
126 122 47
122 112 97
112 125 101
125 133 83
133 145 112
145 153 134
153 171 90
171 157 75
157 152 17
152 151 67
151 156 24
156 165 75
165 170 33
170 174 17
174 185 69
185 198 120
198 211 94
211 224 53
224 236 134
236 269 134
269 274 37
274 268 85
268 286 112
286 290 167
290 324 127
324 354 121
354 388 130
388 419 134
419 412 17
412 364 154
364 365 50
365 338 112
338 344 151
344 413 248
413 426 53
426 414 71
414 415 50
415 403 33
403 416 90
416 420 37
420 396 97
396 361 101
361 328 189
328 314 75
314 302 90
302 291 105
291 277 47
277 275 37
275 243 118
243 216 149
216 189 149
189 186 134
186 172 107
172 167 134
167 187 120
187 195 97
195 227 190
227 292 269
292 317 101
317 339 157
339 355 239
355 366 142
366 357 219
357 358 50
358 375 120
375 329 195
329 287 264
287 244 164
244 225 141
225 251 177
251 294 213
294 293 117
293 270 69
270 246 186
246 193 275
193 154 206
154 146 69
146 136 143
136 138 37
138 177 222
177 207 240
207 196 158
196 178 90
178 161 154
161 130 170
130 124 239
124 118 53
118 96 195
96 93 121
93 104 118
104 107 75
107 103 75
103 100 85
100 109 134
109 111 53
111 117 149
117 116 37
116 119 37
119 110 157
110 105 71
105 108 37
108 113 50
113 127 134
127 142 232
142 143 101
143 123 142
123 102 183
102 94 83
94 92 101
92 99 75
99 89 112
89 86 201
86 70 101
70 78 60
78 81 37
81 85 203
85 88 53
88 80 53
80 73 60
73 75 101
75 91 121
91 79 85
79 69 67
69 68 17
68 51 217
51 49 300
49 60 101
60 64 60
64 47 329
47 52 60
52 58 149
58 67 224
67 54 154
54 41 151
41 38 134
38 44 112
44 53 101
53 71 174
71 76 47
76 87 134
87 95 107
95 90 112
90 77 224
77 65 167
65 48 224
48 61 177
61 45 167
45 31 222
31 32 367
32 39 213
39 34 130
34 40 130
40 33 121
33 35 97
35 42 167
42 62 248
62 84 250
84 74 75
74 66 90
66 55 172
55 37 217
37 30 180
30 27 90
27 25 240
25 12 186
12 21 118
21 26 219
26 28 203
28 24 184
24 13 292
13 6 151
6 5 142
5 1 97
1 0 203