0 2 190
2 4 277
4 6 130
6 8 17
8 10 69
10 12 83
12 14 75
14 13 37
13 47 1491
47 49 24
49 50 17
50 53 17
53 55 17
55 54 17
54 57 17
57 60 17
60 64 53
64 66 17
66 68 24
68 70 17
70 74 37
74 75 37
75 78 50
78 82 33
82 81 17
81 87 24
87 91 24
91 88 24
88 92 17
92 95 17
95 102 37
102 101 17
101 107 24
107 103 37
103 100 27
100 104 23
104 112 37
112 114 24
114 116 30
116 118 25
118 119 33
119 121 24
121 125 53
125 124 17
124 123 33
123 127 53
127 128 33
128 129 24
129 131 17
131 130 17
130 133 33
133 134 17
134 135 10
135 136 29
136 138 24
138 137 17
137 139 37
139 140 33
140 142 17
142 146 17
146 145 17
145 141 17
141 144 24
144 147 17
147 154 33
154 157 17
157 155 24
155 150 17
150 148 17
148 149 17
149 151 17
151 152 17
152 153 67
153 156 67
156 158 25
158 159 33
159 160 16
160 161 25
161 163 24
163 162 17
162 165 37
165 166 17
166 168 17
168 167 17
167 171 24
171 170 17
170 175 47
175 179 33
179 176 37
176 183 50
183 181 24
181 178 17
178 177 17
177 180 17
180 182 24
182 185 24
185 184 50
184 189 37
189 190 17
190 192 24
192 197 37
197 199 24
199 201 24
201 198 17
198 191 33
191 196 24
196 195 17
195 202 53
202 203 17
203 206 47
206 208 37
208 205 24
205 209 47
209 214 37
214 210 24
210 215 24
215 217 33
217 219 37
219 222 37
222 221 17
221 224 17
224 225 33
225 229 17
229 228 17
228 235 33
235 232 37
232 234 24
234 241 33
241 245 17
245 246 17
246 248 17
248 249 17
249 252 24
252 260 50
260 253 60
253 250 37
250 255 33
255 256 17
256 257 17
257 261 37
261 258 37
258 262 24
262 259 37
259 264 33
264 269 24
269 273 24
273 268 17
268 263 17
263 267 24
267 272 17
272 274 24
274 276 24
276 275 37
275 278 33
278 279 33
279 277 37
277 280 37
280 281 17
281 282 17
282 283 33
283 284 37
284 286 17
286 285 17
285 288 24
288 290 24
290 293 17
293 294 17
294 291 17
291 289 24
289 287 24
287 292 37
292 295 24
295 298 17
298 309 33
309 313 24
313 318 33
318 312 37
312 308 37
308 303 17
303 302 17
302 307 17
307 301 24
301 297 24
297 300 24
300 296 24
296 299 17
299 304 17
304 305 17
305 306 17
306 311 17
311 310 17
310 314 24
314 315 17
315 316 17
316 317 17
317 319 17
319 322 24
322 327 24
327 336 24
336 337 17
337 342 17
342 343 17
343 328 37
328 323 17
323 324 17
324 325 17
325 329 17
329 344 37
344 366 60
366 385 17
385 365 24
365 354 24
354 353 17
353 352 17
352 383 33
383 384 17
384 392 17
392 393 17
393 409 17
409 408 17
408 416 17
416 428 17
428 407 47
407 406 17
406 415 24
415 427 24
427 440 17
440 426 53
426 439 24
439 451 24
451 450 17
450 459 24
459 468 37
468 449 37
449 425 33
425 424 17
424 414 24
414 448 50
448 447 33
447 438 17
438 437 33
437 436 17
436 446 24
446 435 24
435 421 17
421 422 17
422 423 33
423 405 37
405 404 17
404 382 47
382 391 17
391 403 17
403 402 17
402 390 37
390 420 50
420 419 17
419 401 37
401 413 37
413 400 24
400 389 24
389 378 24
378 362 17
362 363 17
363 379 17
379 380 17
380 381 33
381 364 24
364 351 24
351 350 17
350 341 17
341 335 17
335 349 37
349 361 24
361 340 37
340 348 24
348 360 17
360 377 17
377 359 37
359 376 24
376 358 17
358 347 17
347 334 37
334 333 33
333 332 17
332 321 37
321 320 17
320 326 24
326 330 24
330 331 17
331 346 33
346 375 37
375 374 17
374 373 17
373 357 17
357 372 24
372 399 33
399 434 53
434 445 24
445 467 37
467 466 33
466 465 17
465 458 24
458 457 17
457 444 17
444 433 17
433 418 17
418 417 33
417 411 17
411 395 37
395 387 24
387 396 17
396 397 17
397 412 24
412 398 24
398 388 24
388 371 24
371 345 37
345 339 24
339 338 33
338 356 37
356 370 17
370 369 17
369 355 24
355 368 17
368 367 17
367 386 24
386 410 47
410 431 37
431 432 17
432 443 17
443 454 24
454 462 24
462 453 24
453 442 17
442 430 17
430 429 17
429 441 24
441 452 24
452 461 24
461 470 24
470 460 24
460 469 17
469 479 17
479 485 24
485 493 24
493 492 17
492 507 37
507 513 24
513 508 17
508 500 17
500 501 17
501 494 24
494 486 24
486 480 17
480 487 24
487 481 17
481 471 17
471 472 17
472 473 17
473 474 17
474 463 24
463 455 24
455 456 33
456 464 37
464 478 24
478 484 37
484 491 37
491 498 24
498 483 37
483 477 24
477 476 17
476 475 17
475 482 24
482 489 17
489 490 33
490 497 24
497 504 24
504 511 37
511 503 24
503 496 24
496 488 17
488 495 24
495 502 24
502 510 24
510 515 17
515 519 24
519 518 17
518 509 37
509 514 17
514 517 17
517 524 17
524 528 24
528 527 17
527 523 17
523 522 17
522 526 17
526 530 24
530 535 17
535 542 17
542 541 17
541 534 17
534 521 50
521 516 17
516 506 33
506 499 24
499 505 17
505 512 24
512 520 37
520 525 17
525 529 24
529 533 17
533 540 17
540 546 17
546 547 17
547 548 17
548 550 17
550 552 24
552 555 17
555 560 17
560 564 24
564 569 17
569 576 17
576 563 37
563 562 17
562 559 17
559 558 33
558 554 24
554 551 37
551 545 37
545 539 24
539 532 24
532 531 17
531 538 17
538 544 37
544 549 17
549 553 47
553 556 37
556 557 17
557 561 24
561 566 24
566 572 17
572 579 24
579 580 17
580 573 17
573 567 17
567 568 17
568 574 17
574 575 17
575 581 37
581 597 33
597 604 24
604 603 33
603 587 33
587 586 17
586 596 17
596 595 17
595 594 17
594 593 17
593 585 17
585 578 17
578 571 24
571 565 17
565 570 37
570 577 24
577 582 24
582 590 17
590 600 17
600 601 17
601 591 17
591 592 17
592 583 17
583 584 17
584 602 37
602 606 24
606 612 24
612 613 17
613 627 33
627 633 24
633 626 17
626 619 17
619 618 17
618 625 24
625 617 24
617 611 17
611 610 17
610 624 33
624 632 24
632 641 24
641 648 24
648 640 37
640 623 37
623 616 17
616 609 24
609 599 33
599 598 17
598 589 17
589 588 17
588 605 33
605 608 24
608 615 24
615 621 17
621 622 17
622 631 24
631 639 17
639 656 33
656 662 24
662 661 17
661 671 24
671 678 17
678 677 17
677 670 17
670 669 17
669 668 17
668 667 17
667 676 17
676 684 24
684 690 17
690 696 17
696 702 17
702 701 17
701 708 17
708 717 17
717 718 17
718 709 24
709 697 33
697 691 24
691 692 50
692 710 53
710 723 47
723 728 24
728 727 17
727 726 17
726 733 17
733 734 17
734 740 17
740 739 17
739 738 17
738 742 17
742 750 27
750 762 30
762 764 4
764 861 348
861 773 333
773 772 17
772 763 29
763 761 4
761 755 17
755 751 6
751 756 13
756 749 17
749 748 25
748 754 19
754 760 17
760 759 17
759 770 17
770 769 17
769 768 17
768 771 24
771 777 17
777 783 37
783 782 17
782 776 33
776 775 17
775 781 37
781 778 37
778 780 17
780 784 24
784 788 17
788 789 17
789 793 26
793 801 12
801 810 22
810 819 19
819 834 35
834 833 33
833 839 24
839 832 24
832 831 17
831 830 17
830 829 17
829 826 17
826 825 17
825 837 37
837 842 24
842 838 24
838 843 24
843 852 17
852 851 17
851 860 24
860 859 33
859 858 33
858 857 17
857 849 17
849 850 17
850 841 24
841 828 33
828 823 17
823 824 17
824 813 17
813 812 17
812 811 17
811 822 37
822 827 24
827 836 24
836 848 37
848 847 17
847 846 17
846 840 17
840 845 24
845 855 24
855 856 17
856 874 71
874 873 33
873 867 24
867 866 17
866 872 24
872 871 17
871 865 17
865 864 17
864 863 17
863 862 17
862 870 37
870 880 33
880 883 24
883 893 33
893 894 17
894 888 17
888 884 17
884 881 17
881 876 17
876 877 17
877 885 37
885 889 17
889 895 24
895 900 24
900 899 17
899 898 17
898 904 17
904 907 17
907 912 17
912 916 24
916 915 17
915 910 24
910 911 17
911 906 24
906 905 17
905 903 24
903 897 24
897 902 24
902 901 17
901 896 17
896 890 17
890 886 17
886 891 24
891 892 17
892 887 17
887 882 24
882 878 17
878 879 17
879 875 24
875 869 17
869 868 17
868 853 53
853 854 50
854 844 24
844 835 60
835 820 37
820 821 17
821 802 60
802 803 17
803 804 17
804 794 37
794 795 17
795 796 17
796 797 17
797 798 17
798 805 17
805 814 17
814 806 37
806 815 24
815 807 37
807 816 24
816 817 17
817 809 17
809 808 17
808 800 17
800 792 24
792 787 24
787 786 17
786 791 17
791 790 17
790 799 24
799 785 37
785 779 37
779 774 47
774 766 37
766 767 50
767 758 24
758 757 13
757 752 11
752 745 24
745 744 17
744 741 24
741 729 37
729 735 17
735 746 47
746 753 24
753 747 37
747 736 33
736 730 17
730 737 37
737 731 17
731 732 17
732 725 24
725 722 17
722 721 17
721 716 17
716 707 17
707 715 24
715 714 17
714 706 17
706 705 17
705 713 17
713 712 17
712 720 17
720 724 24
724 719 24
719 711 17
711 703 17
703 704 17
704 698 17
698 693 24
693 685 17
685 686 17
686 679 17
679 672 17
672 673 17
673 680 17
680 681 17
681 687 17
687 688 17
688 694 17
694 699 17
699 700 17
700 695 17
695 689 17
689 683 17
683 682 17
682 674 17
674 675 17
675 666 17
666 665 17
665 664 17
664 663 17
663 657 24
657 658 17
658 650 24
650 643 17
643 644 17
644 634 24
634 628 17
628 629 33
629 635 17
635 636 17
636 647 17
647 646 17
646 645 17
645 651 24
651 652 17
652 659 17
659 660 17
660 653 17
653 654 17
654 655 33
655 638 37
638 637 17
637 630 24
630 620 24
620 614 17
614 607 24
607 537 330
537 536 33
536 543 484
543 266 771
266 254 75
254 251 24
251 244 37
244 243 17
243 240 24
240 231 53
231 220 174
220 213 195
213 207 47
207 212 47
212 216 17
216 223 69
223 218 37
218 211 60
211 204 50
204 200 60
200 194 37
194 193 50
193 188 37
188 186 17
186 187 17
187 174 100
174 169 37
169 143 201
143 132 154
132 126 53
126 111 164
111 110 17
110 106 53
106 109 17
109 117 33
117 120 24
120 233 1557
233 239 90
239 227 75
227 236 174
236 230 33
230 226 85
226 238 67
238 247 60
247 237 47
237 242 53
242 265 143
265 271 53
271 270 133
270 765 1575
765 1052 1184
1052 1147 555
1147 1162 154
1162 1161 33
1161 1154 24
1154 1153 50
1153 1152 17
1152 1840 2670
1840 1488 855
1488 1515 219
1515 1528 37
1528 1541 17
1541 1527 24
1527 1514 17
1514 1540 121
1540 1659 134
1659 7074 2181
7074 7099 53
7099 7075 71
7075 7064 151
7064 7065 183
7065 7100 373
7100 7145 37
7145 7123 101
7123 7124 83
7124 7125 17
7125 7044 118
7044 7082 75
7082 7101 47
7101 7066 83
7066 7083 60
7083 7076 101
7076 7067 37
7067 7056 17
7056 7028 47
7028 7045 53
7045 7046 67
7046 6949 69
6949 6950 133
6950 7007 219
7007 6951 47
6951 7008 90
7008 6952 90
6952 6818 71
6818 6877 24
6877 6819 118
6819 5839 227
5839 5840 150
5840 6224 149
6224 5780 286
5780 5874 20
5874 6071 157
6071 5393 136
5393 5278 29
5278 5359 165
5359 5360 350
5360 5255 17
5255 5073 33
5073 4781 174
4781 4782 200
4782 4203 154
4203 3959 71
3959 3777 154
3777 3960 75
3960 3961 117
3961 4048 24
4048 4125 17
4125 4126 17
4126 4127 17
4127 4204 37
4204 4294 37
4294 4049 53
4049 4295 71
4295 4482 33
4482 4648 37
4648 4483 47
4483 4571 37
4571 4572 17
4572 4484 37
4484 4573 24
4573 4712 33
4712 4704 4
4704 4713 14
4713 4776 25
4776 4969 58
4969 4780 46
4780 4708 34
4708 4714 18
4714 4633 24
4633 4563 29
4563 4486 16
4486 4534 14
4534 4574 10
4574 4485 24
4485 4259 39
4259 4205 53
4205 4051 33
4051 4050 17
4050 3962 69
3962 3715 50
3715 3462 83
3462 3854 107
3854 3894 33
3894 4002 27
4002 4147 35
4147 4168 51
4168 4381 40
4381 4382 33
4382 4349 7
4349 4296 11
4296 4206 17
4206 4297 24
4297 4368 18
4368 4440 13
4440 4600 30
4600 4527 39
4527 4444 23
4444 4383 12
4383 4329 15
4329 4249 16
4249 4285 17
4285 4384 19
4384 4469 25
4469 4404 30
4404 4275 27
4275 4422 33
4422 4436 20
4436 4320 21
4320 4254 23
4254 4122 27
4122 4041 27
4041 4142 29
4142 4190 24
4190 4263 24
4263 4149 26
4149 3957 44
3957 3804 29
3804 3862 46
3862 3707 57
3707 3302 90
3302 3263 62
3263 3132 35
3132 3094 51
3094 3163 35
3163 2990 53
2990 2997 4
2997 2945 53
2945 3172 82
3172 3341 43
3341 3273 22
3273 3368 28
3368 3405 18
3405 3512 25
3512 3499 26
3499 3565 36
3565 3367 39
3367 3323 17
3323 3226 23
3226 3204 25
3204 3372 46
3372 3404 22
3404 3750 90
3750 3808 20
3808 3958 29
3958 4038 38
4038 4118 19
4118 4260 73
4260 4385 31
4385 4455 19
4455 4575 22
4575 4667 23
4667 4528 44
4528 4506 41
4506 4642 31
4642 4630 14
4630 4777 37
4777 4762 13
4762 4851 25
4851 4803 22
4803 4761 9
4761 4638 30
4638 4634 32
4634 4544 28
4544 4627 22
4627 4617 17
4617 4595 30
4595 4768 40
4768 4757 27
4757 4829 17
4829 4929 31
4929 4961 19
4961 4796 32
4796 4898 26
4898 4993 32
4993 4921 18
4921 5047 32
5047 5198 36
5198 5107 33
5107 5361 66
5361 5215 39
5215 5279 11
5279 5236 16
5236 5111 25
5111 4947 33
4947 4897 12
4897 4836 17
4836 4834 17
4834 4783 9
4783 4715 17
4715 4764 12
4764 4809 12
4809 4892 38
4892 5256 69
5256 5338 30
5338 5514 53
5514 5506 20
5506 5677 32
5677 5639 36
5639 5697 27
5697 5761 10
5761 5841 22
5841 5832 7
5832 5898 11
5898 5932 11
5932 6059 20
6059 5990 22
5990 6001 12
6001 6044 10
6044 6038 3
6038 5924 25
5924 6066 23
6066 6117 12
6117 6171 14
6171 6196 19
6196 6225 7
6225 6219 14
6219 6285 10
6285 6273 3
6273 6212 10
6212 6078 28
6078 6057 27
6057 6206 29
6206 6226 16
6226 6321 17
6321 6360 15
6360 6414 17
6414 6468 12
6468 6508 11
6508 6415 17
6415 6405 2
6405 6393 12
6393 6337 11
6337 6289 13
6289 6207 14
6207 6133 16
6133 6143 8
6143 6198 11
6198 6295 17
6295 6286 10
6286 6344 11
6344 6377 7
6377 6472 17
6472 6447 18
6447 6458 14
6458 6503 9
6503 6556 10
6556 6599 20
6599 6705 24
6705 7084 244
7084 7035 214
7035 7024 12
7024 7023 8
7023 7017 4
7017 7014 5
7014 7004 9
7004 7000 4
7000 7005 8
7005 7025 16
7025 7036 8
7036 7038 17
7038 7034 4
7034 7030 2
7030 7019 11
7019 7003 14
7003 6986 14
6986 6984 3
6984 6977 14
6977 6947 15
6947 6970 18
6970 6935 18
6935 6933 2
6933 6895 15
6895 6926 13
6926 6920 10
6920 6892 10
6892 6893 6
6893 6873 8
6873 6852 6
6852 6837 9
6837 6831 12
6831 6767 17
6767 6779 12
6779 6811 13
6811 6833 11
6833 6841 13
6841 6840 4
6840 6820 4
6820 6791 9
6791 6754 10
6754 6729 10
6729 6757 9
6757 6790 12
6790 6785 5
6785 6753 9
6753 6691 14
6691 6694 6
6694 6702 17
6702 6752 15
6752 6766 10
6766 6768 8
6768 6866 26
6866 6718 41
6718 6703 6
6703 6692 14
6692 6719 13
6719 6695 10
6695 6632 16
6632 6657 10
6657 6619 11
6619 6574 14
6574 6552 6
6552 6538 5
6538 6479 9
6479 6460 6
6460 6535 18
6535 6473 9
6473 6429 9
6429 6376 10
6376 6361 7
6361 6353 2
6353 6322 5
6322 6205 24
6205 6190 21
6190 6228 10
6228 6220 6
6220 6260 8
6260 6316 15
6316 6303 3
6303 6229 14
6229 6185 10
6185 6214 8
6214 6176 19
6176 6099 22
6099 6114 14
6114 6020 15
6020 5970 15
5970 5962 13
5962 5914 6
5914 5868 8
5868 5928 11
5928 5996 12
5996 5977 5
5977 5909 10
5909 5836 11
5836 5824 5
5824 5758 12
5758 5667 17
5667 5594 17
5594 5617 12
5617 5703 13
5703 5723 3
5723 5754 5
5754 5802 10
5802 5833 17
5833 5869 5
5869 5912 14
5912 5972 7
5972 5981 9
5981 6068 17
6068 6102 15
6102 6005 16
6005 6063 10
6063 6062 14
6062 6058 19
6058 5943 21
5943 5899 7
5899 5866 9
5866 5823 10
5823 5709 21
5709 5661 9
5661 5640 11
5640 5578 23
5578 5520 11
5520 5508 6
5508 5428 16
5428 5401 6
5401 5406 10
5406 5466 13
5466 5480 3
5480 5521 12
5521 5529 10
5529 5551 9
5551 5511 10
5511 5446 13
5446 5440 6
5440 5422 7
5422 5414 10
5414 5350 9
5350 5275 14
5275 5176 18
5176 5273 20
5273 5284 2
5284 5299 9
5299 5216 22
5216 5310 18
5310 5339 7
5339 5413 14
5413 5438 7
5438 5439 10
5439 5475 7
5475 5557 21
5557 5491 20
5491 5564 16
5564 5630 33
5630 5577 10
5577 5486 21
5486 5531 12
5531 5593 17
5593 5629 13
5629 5740 24
5740 5803 12
5803 5871 23
5871 5942 12
5942 5985 14
5985 6073 26
6073 6140 13
6140 6096 17
6096 6010 13
6010 5975 20
5975 6021 12
6021 6042 4
6042 6028 13
6028 6080 12
6080 6222 28
6222 6170 19
6170 6106 14
6106 6138 8
6138 6119 9
6119 6200 16
6200 6252 8
6252 6265 10
6265 6267 3
6267 6287 18
6287 6317 9
6317 6367 12
6367 6428 11
6428 6487 11
6487 6478 2
6478 6411 16
6411 6443 8
6443 6394 8
6394 6352 9
6352 6351 6
6351 6383 6
6383 6417 11
6417 6477 13
6477 6497 10
6497 6506 5
6506 6545 11
6545 6542 33
6542 6558 13
6558 6442 20
6442 6290 28
6290 6304 33
6304 6635 61
6635 6546 29
6546 6540 37
6540 6499 9
6499 6416 14
6416 6434 21
6434 6425 10
6425 6436 36
6436 6378 20
6378 6320 14
6320 6368 9
6368 6410 13
6410 6362 32
6362 6280 18
6280 6279 2
6279 6227 9
6227 6247 6
6247 6210 12
6210 6111 24
6111 6098 4
6098 6144 9
6144 6199 12
6199 6249 9
6249 6257 18
6257 6168 16
6168 6136 6
6136 6131 23
6131 6023 20
6023 5947 14
5947 5946 0
5946 5938 3
5938 5923 16
5923 5983 15
5983 5842 21
5842 5787 18
5787 5715 14
5715 5646 14
5646 5714 13
5714 5806 18
5806 5875 20
5875 5968 19
5968 5974 3
5974 5959 15
5959 6030 13
6030 6004 13
6004 6015 6
6015 6127 20
6127 6029 25
6029 6031 6
6031 6074 15
6074 6045 6
6045 6081 6
6081 6067 5
6067 6033 13
6033 5913 23
5913 5727 43
5727 5362 66
5362 5457 37
5457 5498 9
5498 5458 29
5458 5459 33
5459 5412 12
5412 5346 17
5346 5363 14
5363 5540 33
5540 5567 10
5567 5624 16
5624 5666 14
5666 5625 8
5625 5576 19
5576 5541 7
5541 5460 17
5460 5434 10
5434 5364 13
5364 5461 24
5461 5485 6
5485 5496 13
5496 5490 26
5490 5542 16
5542 5611 13
5611 5651 11
5651 5626 8
5626 5656 7
5656 5753 16
5753 5822 17
5822 5819 9
5819 5908 15
5908 5997 26
5997 5948 11
5948 5927 19
5927 5976 19
5976 5969 20
5969 5767 32
5767 5797 21
5797 5738 10
5738 5736 6
5736 5710 18
5710 5543 30
5543 5627 24
5627 5574 13
5574 5572 9
5572 5544 5
5544 5462 24
5462 5366 17
5366 5313 17
5313 5258 7
5258 5277 15
5277 5259 2
5259 5141 23
5141 5174 17
5174 5272 17
5272 5260 1
5260 5367 24
5367 5463 24
5463 5488 4
5488 5510 37
5510 5583 19
5583 5628 12
5628 5690 14
5690 5739 10
5739 5648 21
5648 5732 17
5732 5799 11
5799 5879 17
5879 5971 15
5971 5960 5
5960 6040 18
6040 6072 6
6072 6159 30
6159 6034 21
6034 5980 17
5980 5880 14
5880 5766 25
5766 5571 32
5571 5517 18
5517 5479 29
5479 5464 14
5464 5368 17
5368 5369 17
5369 5261 17
5261 5208 14
5208 5118 17
5118 5150 16
5150 5196 8
5196 5222 20
5222 5095 25
5095 5023 19
5023 4994 5
4994 4942 11
4942 4843 19
4843 4842 2
4842 4890 25
4890 4972 14
4972 5048 16
5048 4971 13
4971 5004 11
5004 4970 7
4970 5033 15
5033 5077 9
5077 5109 4
5109 5129 4
5129 5076 24
5076 5173 19
5173 5205 14
5205 5257 12
5257 5329 11
5329 5365 14
5365 5314 11
5314 5172 24
5172 5183 9
5183 5147 21
5147 5171 6
5171 5170 17
5170 5248 23
5248 5075 35
5075 5074 1
5074 5165 31
5165 5169 5
5169 5223 14
5223 5283 12
5283 5297 11
5297 5232 13
5232 5164 11
5164 4988 38
4988 4763 40
4763 4649 30
4649 4601 20
4601 4473 25
4473 4615 42
4615 4576 12
4576 4568 23
4568 4508 14
4508 4339 32
4339 4256 46
4256 4162 21
4162 4123 29
4123 4232 29
4232 4226 12
4226 4100 28
4100 4028 30
4028 3952 19
3952 4098 33
4098 4257 44
4257 4273 37
4273 4388 21
4388 4462 27
4462 4470 9
4470 4488 15
4488 4461 18
4461 4387 13
4387 4372 20
4372 4386 14
4386 4503 23
4503 4577 21
4577 4487 23
4487 4438 24
4438 4539 21
4539 4647 21
4647 4686 34
4686 4738 24
4738 4815 17
4815 4784 9
4784 4837 18
4837 4931 18
4931 5030 19
5030 4908 22
4908 4869 31
4869 4852 23
4852 4711 39
4711 4685 35
4685 4730 13
4730 4663 35
4663 4481 46
4481 4360 20
4360 4253 20
4253 4350 35
4350 4489 23
4489 4565 16
4565 4628 15
4628 4687 16
4687 4797 26
4797 4785 24
4785 4940 31
4940 4973 28
4973 4949 6
4949 5014 13
5014 5159 28
5159 5298 29
5298 5370 17
5370 5432 10
5432 5371 21
5371 5465 24
5465 5372 17
5372 5247 21
5247 5253 20
5253 5230 23
5230 5175 12
5175 5136 10
5136 5114 3
5114 5121 15
5121 5050 14
5050 4966 14
4966 4943 5
4943 4850 18
4850 4889 15
4889 4948 13
4948 4958 6
4958 4987 4
4987 5026 8
5026 5024 10
5024 4923 17
4923 4925 5
4925 4998 15
4998 5057 13
5057 5103 7
5103 5151 11
5151 5166 4
5166 5191 4
5191 5225 8
5225 5262 8
5262 5239 6
5239 5213 17
5213 5320 20
5320 5237 12
5237 5249 8
5249 5252 8
5252 5326 14
5326 5300 6
5300 5163 27
5163 5124 14
5124 5168 14
5168 5189 10
5189 5038 27
5038 4944 18
4944 5028 12
5028 5049 6
5049 5093 15
5093 5122 16
5122 5143 19
5143 5202 14
5202 5209 4
5209 5226 6
5226 5286 13
5286 5296 16
5296 5415 22
5415 5562 32
5562 5534 24
5534 5615 15
5615 5606 18
5606 5642 7
5642 5664 6
5664 5662 7
5662 5729 10
5729 5733 8
5733 5734 5
5734 5716 7
5716 5699 13
5699 5707 14
5707 5785 12
5785 5805 10
5805 5768 10
5768 5812 17
5812 5807 6
5807 5781 9
5781 5827 14
5827 5774 15
5774 5668 15
5668 5762 16
5762 5790 7
5790 5877 15
5877 5828 18
5828 5906 12
5906 5919 6
5919 5965 17
5965 5905 10
5905 5964 9
5964 6046 16
6046 6082 6
6082 6109 6
6109 6145 9
6145 6172 12
6172 6130 8
6130 6064 18
6064 6141 19
6141 6177 7
6177 6204 7
6204 6231 6
6231 6309 14
6309 6334 7
6334 6323 8
6323 6248 15
6248 6244 5
6244 6291 11
6291 6306 11
6306 6243 28
6243 6314 23
6314 6357 8
6357 6390 12
6390 6449 16
6449 6525 12
6525 6526 10
6526 6589 13
6589 6547 16
6547 6602 16
6602 6564 12
6564 6528 10
6528 6507 7
6507 6480 5
6480 6456 7
6456 6435 5
6435 6444 12
6444 6389 10
6389 6455 15
6455 6501 11
6501 6565 11
6565 6588 10
6588 6537 14
6537 6549 8
6549 6511 6
6511 6489 5
6489 6482 12
6482 6533 8
6533 6582 12
6582 6620 7
6620 6667 13
6667 6666 11
6666 6648 5
6648 6626 6
6626 6601 4
6601 6600 17
6600 6572 11
6572 6510 13
6510 6500 9
6500 6461 9
6461 6379 15
6379 6315 12
6315 6261 12
6261 6230 8
6230 6211 12
6211 6160 17
6160 6108 22
6108 6163 10
6163 6203 15
6203 6245 11
6245 6264 14
6264 6277 6
6277 6298 4
6298 6339 21
6339 6340 4
6340 6343 10
6343 6268 14
6268 6216 9
6216 6174 15
6174 6169 2
6169 6134 7
6134 6135 7
6135 6061 14
6061 6115 18
6115 6039 14
6039 6016 12
6016 6011 11
6011 5973 13
5973 5886 14
5886 5876 15
5876 5963 18
5963 5885 13
5885 5835 13
5835 5789 12
5789 5658 20
5658 5698 17
5698 5726 10
5726 5669 10
5669 5590 15
5590 5602 10
5602 5554 12
5554 5447 22
5447 5356 17
5356 5264 23
5264 5263 8
5263 5321 19
5321 5373 9
5373 5411 6
5411 5436 9
5436 5390 10
5390 5395 5
5395 5487 17
5487 5441 11
5441 5445 6
5445 5518 14
5518 5494 21
5494 5613 24
5613 5553 22
5553 5516 12
5516 5581 13
5581 5654 15
5654 5659 3
5659 5681 5
5681 5706 5
5706 5775 15
5775 5918 24
5918 5901 14
5901 5925 7
5925 5895 7
5895 5810 18
5810 5776 7
5776 5755 15
5755 5724 14
5724 5811 15
5811 5798 6
5798 5788 14
5788 5870 13
5870 5882 6
5882 5978 13
5978 5984 13
5984 5994 11
5994 6022 11
6022 6037 15
6037 6075 15
6075 6123 9
6123 6186 13
6186 6191 17
6191 6215 18
6215 6313 17
6313 6354 14
6354 6396 10
6396 6451 11
6451 6395 12
6395 6299 26
6299 6258 9
6258 6274 7
6274 6305 6
6305 6318 5
6318 6439 26
6439 6373 28
6373 6398 12
6398 6426 13
6426 6430 11
6430 6409 5
6409 6502 21
6502 6562 12
6562 6595 13
6595 6627 9
6627 6665 12
6665 6672 17
6672 6673 20
6673 6772 19
6772 6812 14
6812 6862 16
6862 6849 3
6849 6865 7
6865 6891 16
6891 6896 7
6896 6916 10
6916 6930 7
6930 6927 5
6927 6929 1
6929 6942 9
6942 6956 10
6956 6961 5
6961 6976 5
6976 6959 6
6959 6971 10
6971 6960 3
6960 6915 24
6915 6886 20
6886 6917 23
6917 6900 16
6900 6724 48
6724 6778 12
6778 6780 12
6780 6731 11
6731 6688 15
6688 6658 6
6658 6571 21
6571 6579 7
6579 6563 15
6563 6581 11
6581 6647 17
6647 6628 4
6628 6509 23
6509 6597 20
6597 6709 25
6709 6748 9
6748 6723 6
6723 6756 17
6756 6715 20
6715 6732 7
6732 6769 6
6769 6821 18
6821 6844 12
6844 6792 18
6792 6742 11
6742 6725 20
6725 6674 11
6674 6663 19
6663 6698 8
6698 6726 8
6726 6737 4
6737 6775 8
6775 6793 5
6793 6816 8
6816 6855 12
6855 6902 21
6902 6859 41
6859 6860 20
6860 6804 21
6804 6740 18
6740 6710 10
6710 6656 15
6656 6646 16
6646 6675 10
6675 6690 3
6690 6727 10
6727 6749 7
6749 6783 11
6783 6784 9
6784 6808 7
6808 6829 5
6829 6822 4
6822 6848 7
6848 6836 13
6836 6800 8
6800 6787 5
6787 6773 5
6773 6730 9
6730 6704 9
6704 6659 12
6659 6617 11
6617 6593 9
6593 6598 10
6598 6553 10
6553 6512 11
6512 6452 17
6452 6527 19
6527 6529 10
6529 6450 13
6450 6412 14
6412 6448 5
6448 6486 8
6486 6548 10
6548 6594 11
6594 6636 8
6636 6624 4
6624 6625 13
6625 6671 15
6671 6738 17
6738 6789 17
6789 6867 21
6867 6953 60
6953 7055 94
7055 7057 4
7057 7061 54
7061 7063 26
7063 7068 16
7068 7072 18
7072 7080 30
7080 7087 13
7087 7088 1
7088 7090 17
7090 7092 18
7092 7093 14
7093 7134 98
7134 7136 7
7136 7137 4
7137 7126 6
7126 7135 16
7135 7132 2
7132 7120 6
7120 7127 2
7127 7130 1
7130 7133 2
7133 7117 5
7117 7114 2
7114 7119 3
7119 7112 6
7112 7118 4
7118 7128 3
7128 7113 7
7113 7111 2
7111 7115 2
7115 7105 9
7105 7104 12
7104 7106 3
7106 7108 2
7108 7110 3
7110 7116 5
7116 7121 9
7121 7129 4
7129 7131 1
7131 7140 7
7140 7142 9
7142 7141 10
7141 7143 2
7143 7144 11
7144 7139 15
7139 7107 20
7107 7102 7
7102 7098 3
7098 7096 16
7096 7094 7
7094 7138 42
7138 7122 35
7122 7109 29
7109 7103 28
7103 7097 25
7097 7095 7
7095 7086 34
7086 7078 32
7078 7081 24
7081 7085 18
7085 7089 13
7089 7091 4
7091 7062 58
7062 7051 25
7051 7031 23
7031 7026 21
7026 7018 22
7018 7040 21
7040 7049 8
7049 7042 18
7042 7039 71
7039 6991 51
6991 6995 6
6995 6957 26
6957 6938 12
6938 6884 23
6884 6881 10
6881 6894 6
6894 6861 24
6861 6832 8
6832 6782 13
6782 6751 8
6751 6758 5
6758 6741 13
6741 6707 15
6707 6668 9
6668 6618 15
6618 6554 14
6554 6492 10
6492 6485 9
6485 6457 8
6457 6493 7
6493 6539 6
6539 6580 18
6580 6603 5
6603 6689 22
6689 6630 15
6630 6714 30
6714 6788 16
6788 6853 17
6853 6897 15
6897 6889 40
6889 6696 53
6696 6641 22
6641 6596 8
6596 6604 8
6604 6575 7
6575 6534 15
6534 6474 9
6474 6462 3
6462 6445 16
6445 6463 10
6463 6381 14
6381 6380 14
6380 6418 27
6418 6427 3
6427 6536 21
6536 6543 17
6543 6453 16
6453 6384 18
6384 6403 13
6403 6325 15
6325 6346 10
6346 6312 7
6312 6278 7
6278 6263 5
6263 6253 3
6253 6233 5
6233 6188 8
6188 6197 9
6197 6221 11
6221 6269 7
6269 6311 9
6311 6324 8
6324 6386 12
6386 6413 14
6413 6406 8
6406 6281 24
6281 6266 13
6266 6232 7
6232 6173 16
6173 6147 8
6147 6118 7
6118 6083 13
6083 6137 22
6137 6250 27
6250 6338 17
6338 6385 10
6385 6466 13
6466 6481 9
6481 6638 29
6638 6662 13
6662 6639 22
6639 6660 5
6660 6676 6
6676 6794 26
6794 6842 12
6842 6850 25
6850 6770 23
6770 6750 18
6750 6786 9
6786 6830 12
6830 6838 13
6838 6817 13
6817 6739 20
6739 6733 19
6733 6633 25
6633 6640 18
6640 6590 10
6590 6530 12
6530 6557 15
6557 6488 13
6488 6404 16
6404 6440 8
6440 6459 6
6459 6483 14
6483 6397 15
6397 6388 11
6388 6387 3
6387 6345 11
6345 6292 11
6292 6359 17
6359 6358 13
6358 6307 9
6307 6259 9
6259 6187 14
6187 6087 23
6087 6146 19
6146 6132 3
6132 6097 17
6097 6047 7
6047 5992 15
5992 5896 15
5896 5856 9
5856 5800 9
5800 5730 13
5730 5692 11
5692 5652 9
5652 5605 9
5605 5610 8
5610 5728 20
5728 5760 6
5760 5770 16
5770 5792 4
5792 5793 4
5793 5862 12
5862 5900 16
5900 5915 4
5915 5999 13
5999 5903 19
5903 5887 9
5887 5791 16
5791 5782 2
5782 5725 13
5725 5670 9
5670 5665 3
5665 5604 11
5604 5522 16
5522 5481 13
5481 5478 4
5478 5433 9
5433 5349 15
5349 5351 11
5351 5418 12
5418 5429 8
5429 5483 12
5483 5455 15
5455 5493 6
5493 5523 11
5523 5560 6
5560 5596 8
5596 5598 4
5598 5649 11
5649 5607 9
5607 5575 6
5575 5536 7
5536 5535 17
5535 5533 7
5533 5443 20
5443 5396 11
5396 5348 11
5348 5334 14
5334 5288 9
5288 5307 14
5307 5240 12
5240 5235 7
5235 5160 14
5160 5217 23
5217 5185 7
5185 5115 13
5115 5060 16
5060 5100 9
5100 5058 7
5058 5097 19
5097 5153 16
5153 5210 14
5210 5287 17
5287 5200 16
5200 5144 12
5144 5099 10
5099 5025 12
5025 4995 7
4995 4927 8
4927 4858 15
4858 4865 1
4865 4880 3
4880 4986 20
4986 4885 16
4885 4800 18
4800 4831 10
4831 4954 25
4954 4896 13
4896 4860 15
4860 4822 28
4822 4810 2
4810 4772 14
4772 4769 2
4769 4753 4
4753 4693 15
4693 4680 6
4680 4659 11
4659 4694 11
4694 4732 8
4732 4739 9
4739 4754 11
4754 4804 10
4804 4770 12
4770 4727 13
4727 4728 8
4728 4691 10
4691 4688 1
4688 4665 17
4665 4620 17
4620 4707 29
4707 4632 20
4632 4550 17
4550 4590 24
4590 4608 25
4608 4743 32
4743 4751 4
4751 4801 11
4801 4868 20
4868 4902 12
4902 4975 16
4975 4976 4
4976 5008 6
5008 4977 14
4977 4936 7
4936 4856 14
4856 4827 7
4827 4883 15
4883 4926 8
4926 4957 7
4957 5013 6
5013 4935 13
4935 4878 11
4878 4910 23
4910 5022 21
5022 5041 4
5041 5051 9
5051 5096 10
5096 5116 7
5116 5177 11
5177 5224 9
5224 5285 9
5285 5374 15
5374 5416 8
5416 5417 9
5417 5358 8
5358 5311 11
5311 5212 16
5212 5137 15
5137 5071 9
5071 5044 16
5044 5037 10
5037 5067 9
5067 5120 8
5120 5161 15
5161 5203 7
5203 5188 6
5188 5231 11
5231 5251 10
5251 5391 22
5391 5426 18
5426 5454 8
5454 5499 9
5499 5603 22
5603 5682 17
5682 5741 8
5741 5858 22
5858 5867 2
5867 5939 15
5939 6008 17
6008 6012 4
6012 5979 8
5979 5991 13
5991 6048 12
6048 6088 7
6088 6113 10
6113 6089 9
6089 6148 10
6148 6126 5
6126 6175 16
6175 6217 12
6217 6079 26
6079 6090 9
6090 6060 6
6060 6000 17
6000 5929 11
5929 5937 10
5937 5883 9
5883 5834 12
5834 5813 9
5813 5769 14
5769 5717 6
5717 5691 4
5691 5689 19
5689 5515 31
5515 5507 12
5507 5500 16
5500 5435 14
5435 5394 18
5394 5337 9
5337 5331 5
5331 5276 11
5276 5280 15
5280 5219 15
5219 5199 21
5199 5154 7
5154 5186 9
5186 5112 13
5112 5108 10
5108 5059 11
5059 5098 7
5098 5068 7
5068 5106 13
5106 5125 4
5125 5130 10
5130 5184 10
5184 5241 21
5241 5265 5
5265 5333 18
5333 5254 14
5254 5312 7
5312 5332 4
5332 5403 14
5403 5423 6
5423 5421 11
5421 5424 4
5424 5476 11
5476 5484 14
5484 5495 3
5495 5545 11
5545 5584 8
5584 5619 11
5619 5608 9
5608 5700 16
5700 5647 18
5647 5653 5
5653 5565 18
5565 5582 6
5582 5532 16
5532 5524 10
5524 5599 17
5599 5525 16
5525 5467 16
5467 5427 12
5427 5397 18
5397 5345 17
5345 5289 13
5289 5218 13
5218 5214 16
5214 5290 26
5290 5211 18
5211 5206 8
5206 5082 26
5082 5083 17
5083 5084 6
5084 5062 3
5062 5132 22
5132 5201 13
5201 5155 12
5155 5193 12
5193 5192 13
5192 5301 19
5301 5308 4
5308 5377 13
5377 5376 17
5376 5471 17
5471 5470 17
5470 5375 18
5375 5448 19
5448 5469 15
5469 5468 17
5468 5509 14
5509 5641 30
5641 5679 20
5679 5718 7
5718 5756 17
5756 5764 2
5764 5765 21
5765 5671 13
5671 5643 9
5643 5631 6
5631 5693 13
5693 5683 7
5683 5711 4
5711 5684 7
5684 5672 1
5672 5632 9
5632 5600 8
5600 5561 14
5561 5633 18
5633 5612 9
5612 5694 15
5694 5794 15
5794 5743 15
5743 5757 7
5757 5845 17
5845 5891 15
5891 5892 14
5892 5951 13
5951 5966 15
5966 5982 1
5982 6002 15
6002 6070 11
6070 6076 2
6076 6043 18
6043 6049 5
6049 5922 23
5922 5890 4
5890 5921 9
5921 5988 22
5988 5987 11
5987 5872 21
5872 5950 15
5950 5926 17
5926 5920 3
5920 5864 12
5864 5844 10
5844 5815 4
5815 5763 12
5763 5708 8
5708 5742 8
5742 5773 4
5773 5771 3
5771 5837 13
5837 5884 6
5884 5843 12
5843 5808 8
5808 5902 14
5902 5949 9
5949 5945 13
5945 6009 11
6009 6032 7
6032 6100 15
6100 6024 18
6024 6025 15
6025 6041 11
6041 6084 7
6084 6086 3
6086 6149 11
6149 6161 7
6161 6192 15
6192 6116 20
6116 6180 18
6180 6234 14
6234 6262 18
6262 6326 14
6326 6193 25
6193 6181 8
6181 6235 8
6235 6254 9
6254 6310 11
6310 6363 10
6363 6419 13
6419 6513 17
6513 6475 11
6475 6464 4
6464 6437 20
6437 6355 14
6355 6282 14
6282 6296 13
6296 6283 3
6283 6236 9
6236 6182 12
6182 6162 10
6162 6150 2
6150 6164 14
6164 6077 16
6077 6035 24
6035 6107 12
6107 6101 5
6101 6166 19
6166 6120 10
6120 6091 9
6091 6050 8
6050 6003 13
6003 5910 14
5910 5863 11
5863 5846 4
5846 5860 10
5860 5829 16
5829 5759 13
5759 5744 10
5744 5673 15
5673 5657 21
5657 5586 16
5586 5555 7
5555 5546 26
5546 5538 10
5538 5472 18
5472 5425 11
5425 5419 2
5419 5327 18
5327 5317 6
5317 5378 14
5378 5379 17
5379 5323 12
5323 5274 11
5274 5242 4
5242 5233 5
5233 5234 4
5234 5207 25
5207 5324 23
5324 5449 29
5449 5548 23
5548 5591 11
5591 5450 30
5450 5380 16
5380 5238 22
5238 5167 16
5167 5148 13
5148 5104 12
5104 5126 6
5126 5162 8
5162 5266 20
5266 5335 44
5335 5197 25
5197 5138 10
5138 5178 24
5178 5227 13
5227 5381 25
5381 5537 35
5537 5634 21
5634 5678 24
5678 5752 18
5752 5826 15
5826 5917 14
5917 6017 20
6017 5954 21
5954 5916 8
5916 5861 11
5861 5735 34
5735 5597 23
5597 5501 20
5501 5444 14
5444 5477 9
5477 5549 18
5549 5601 11
5601 5650 9
5650 5620 17
5620 5680 9
5680 5786 26
5786 5848 14
5848 5847 33
5847 5674 26
5674 5547 24
5547 5616 22
5616 5720 17
5720 5719 8
5719 5888 27
5888 6006 28
6006 6151 25
6151 6092 23
6092 6213 24
6213 6201 13
6201 6300 19
6300 6370 13
6370 6369 13
6369 6342 6
6342 6341 7
6341 6374 6
6374 6399 7
6399 6407 8
6407 6515 18
6515 6498 18
6498 6504 2
6504 6514 1
6514 6567 10
6567 6664 21
6664 6661 3
6661 6678 8
6678 6669 4
6669 6591 22
6591 6605 17
6605 6649 11
6649 6677 11
6677 6699 15
6699 6721 6
6721 6720 11
6720 6759 7
6759 6735 9
6735 6743 4
6743 6823 20
6823 6834 24
6834 6828 16
6828 6870 19
6870 6901 14
6901 6928 9
6928 6939 28
6939 6954 13
6954 6963 3
6963 6993 22
6993 7001 12
7001 6997 27
6997 7002 14
7002 6994 9
6994 6968 16
6968 6946 14
6946 6918 19
6918 6969 43
6969 6909 39
6909 6908 14
6908 6856 21
6856 6776 24
6776 6809 17
6809 6846 11
6846 6878 11
6878 6864 11
6864 6806 14
6806 6798 6
6798 6760 10
6760 6716 12
6716 6679 12
6679 6642 16
6642 6606 11
6606 6550 19
6550 6650 21
6650 6680 8
6680 6693 1
6693 6706 17
6706 6722 13
6722 6643 20
6643 6607 7
6607 6608 17
6608 6609 10
6609 6566 8
6566 6555 5
6555 6516 25
6516 6465 14
6465 6476 20
6476 6400 16
6400 6364 7
6364 6382 6
6382 6347 14
6347 6293 12
6293 6208 16
6208 6284 19
6284 6327 10
6327 6365 8
6365 6328 14
6328 6329 17
6329 6189 27
6189 6179 42
6179 6051 27
6051 5952 24
5952 5873 17
5873 5953 13
5953 6125 38
6125 6152 26
6152 6237 24
6237 6272 24
6272 6392 24
6392 6391 10
6391 6330 15
6330 6420 37
6420 6371 20
6371 6408 14
6408 6490 16
6490 6517 7
6517 6576 17
6576 6610 7
6610 6583 20
6583 6531 28
6531 6611 17
6611 6651 16
6651 6681 21
6681 6801 33
6801 6868 17
6868 6824 17
6824 6813 18
6813 6857 10
6857 6910 19
6910 7009 58
7009 7006 8
7006 7010 8
7010 6972 42
6972 6975 10
6975 6932 23
6932 6924 22
6924 6825 35
6825 6814 11
6814 6898 25
6898 6871 22
6871 6879 28
6879 6826 24
6826 6762 24
6762 6685 17
6685 6684 17
6684 6697 11
6697 6774 17
6774 6795 10
6795 6761 8
6761 6744 5
6744 6683 19
6683 6711 10
6711 6682 9
6682 6612 17
6612 6577 6
6577 6518 18
6518 6519 17
6519 6495 13
6495 6469 6
6469 6446 8
6446 6421 9
6421 6332 16
6332 6401 21
6401 6422 18
6422 6431 4
6431 6505 19
6505 6568 17
6568 6584 9
6584 6613 13
6613 6629 7
6629 6614 11
6614 6569 8
6569 6637 15
6637 6652 3
6652 6700 14
6700 6763 20
6763 6755 3
6755 6777 6
6777 6796 7
6796 6802 3
6802 6745 14
6745 6701 10
6701 6634 16
6634 6615 6
6615 6570 7
6570 6585 11
6585 6560 4
6560 6496 12
6496 6520 7
6520 6524 4
6524 6544 4
6544 6467 17
6467 6441 6
6441 6356 19
6356 6333 12
6333 6251 18
6251 6238 8
6238 6209 8
6209 6256 22
6256 6139 21
6139 6069 15
6069 6052 25
6052 5955 24
5955 5956 17
5956 5940 23
5940 6013 12
6013 6103 16
6103 6124 12
6124 6121 12
6121 6202 17
6202 6275 15
6275 6301 18
6301 6331 4
6331 6402 14
6402 6454 20
6454 6491 13
6491 6592 18
6592 6654 14
6654 6736 20
6736 6803 24
6803 6835 15
6835 6874 15
6874 6883 8
6883 6885 1
6885 6899 5
6899 6907 3
6907 6905 4
6905 6914 2
6914 6923 5
6923 6919 3
6919 6906 25
6906 6964 28
6964 6944 33
6944 7020 49
7020 7016 11
7016 7012 3
7012 6992 27
6992 6999 17
6999 6996 31
6996 6981 10
6981 6980 2
6980 6940 16
6940 6937 19
6937 6982 19
6982 7029 53
7029 7043 64
7043 7052 40
7052 7054 46
7054 7058 9
7058 7060 11
7060 7069 14
7069 7079 17
7079 7077 9
7077 7073 3
7073 7070 6
7070 7071 6
7071 7059 19
7059 7053 19
7053 7050 5
7050 7047 5
7047 7048 2
7048 7041 13
7041 7037 5
7037 7033 4
7033 7027 7
7027 7032 6
7032 7021 17
7021 7015 17
7015 7011 3
7011 7022 9
7022 7013 16
7013 6998 18
6998 6987 9
6987 6974 11
6974 6978 3
6978 6989 8
6989 6990 1
6990 6983 40
6983 6943 45
6943 6925 12
6925 6888 19
6888 6922 14
6922 6958 23
6958 6979 7
6979 6967 13
6967 6973 3
6973 6988 13
6988 6985 1
6985 6948 13
6948 6966 19
6966 6965 1
6965 6945 8
6945 6921 17
6921 6887 13
6887 6863 11
6863 6847 6
6847 6845 8
6845 6781 18
6781 6771 6
6771 6728 8
6728 6708 7
6708 6734 10
6734 6747 11
6747 6807 16
6807 6746 28
6746 6799 12
6799 6805 6
6805 6827 8
6827 6851 11
6851 6882 12
6882 6904 10
6904 6931 14
6931 6934 3
6934 6962 18
6962 6955 33
6955 6913 22
6913 6890 26
6890 6912 7
6912 6936 11
6936 6941 27
6941 6911 14
6911 6903 5
6903 6876 10
6876 6843 17
6843 6872 13
6872 6880 4
6880 6869 20
6869 6839 13
6839 6797 18
6797 6712 20
6712 6713 1
6713 6687 33
6687 6621 19
6621 6559 12
6559 6551 13
6551 6494 9
6494 6470 24
6470 6522 9
6522 6578 20
6578 6655 15
6655 6686 17
6686 6717 9
6717 6810 25
6810 6815 17
6815 6875 27
6875 6764 34
6764 6653 25
6653 6631 6
6631 6623 4
6623 6616 3
6616 6586 6
6586 6561 5
6561 6532 36
6532 6521 1
6521 6438 26
6438 6372 17
6372 6297 15
6297 6276 9
6276 6142 30
6142 6183 17
6183 6112 15
6112 6093 3
6093 5995 18
5995 5930 20
5930 5897 32
5897 5993 14
5993 6014 7
6014 6065 8
6065 6018 15
6018 6053 13
6053 6085 10
6085 6104 5
6104 6153 9
6153 6194 10
6194 6242 8
6242 6223 11
6223 6294 10
6294 6319 18
6319 6335 3
6335 6308 23
6308 6270 7
6270 6302 22
6302 6336 9
6336 6423 15
6423 6484 14
6484 6471 18
6471 6348 22
6348 6349 7
6349 6432 22
6432 6622 35
6622 6644 8
6644 6645 14
6645 6573 13
6573 6366 38
6366 6350 6
6350 6288 29
6288 6129 34
6129 6255 47
6255 6218 19
6218 6178 8
6178 6184 7
6184 6246 21
6246 6239 4
6239 6167 13
6167 6094 16
6094 6156 11
6156 6155 8
6155 6154 1
6154 6128 9
6128 6105 32
6105 6036 14
6036 5957 16
5957 6007 19
6007 5933 14
5933 5911 3
5911 5816 21
5816 5623 36
5623 5595 7
5595 5558 11
5558 5556 5
5556 5539 8
5539 5568 11
5568 5622 14
5622 5636 0
5636 5695 10
5695 5831 23
5831 5747 31
5747 5685 9
5685 5713 17
5713 5712 5
5712 5746 27
5746 5721 5
5721 5701 10
5701 5830 23
5830 5849 10
5849 5809 7
5809 5731 13
5731 5795 10
5795 5814 9
5814 5745 19
5745 5801 10
5801 5838 26
5838 5702 22
5702 5635 18
5635 5573 25
5573 5587 14
5587 5566 7
5566 5453 21
5453 5382 19
5382 5318 16
5318 5267 8
5267 5190 20
5190 5325 23
5325 5306 17
5306 5340 18
5340 5319 11
5319 5315 5
5315 5341 6
5341 5430 14
5430 5530 22
5530 5552 3
5552 5526 20
5526 5497 7
5497 5456 8
5456 5355 17
5355 5268 16
5268 5204 22
5204 5357 30
5357 5387 6
5387 5404 14
5404 5402 4
5402 5519 27
5519 5614 24
5614 5559 11
5559 5527 16
5527 5407 26
5407 5347 10
5347 5336 3
5336 5269 11
5269 5250 10
5250 5146 23
5146 5101 15
5101 5089 5
5089 5052 6
5052 5019 13
5019 4997 4
4997 5053 11
5053 5054 3
5054 5034 10
5034 4991 19
4991 4864 19
4864 4914 14
4914 4861 13
4861 4894 8
4894 4999 17
4999 4924 17
4924 4959 6
4959 5029 9
5029 5035 3
5035 5133 17
5133 5149 25
5149 5127 14
5127 5220 18
5220 5228 4
5228 5352 25
5352 5405 8
5405 5410 10
5410 5353 7
5353 5386 12
5386 5388 4
5388 5408 13
5408 5383 6
5383 5302 13
5302 5243 9
5243 5246 21
5246 5179 20
5179 5291 21
5291 5281 8
5281 5303 5
5303 5354 11
5354 5392 21
5392 5492 26
5492 5569 19
5569 5592 14
5592 5609 6
5609 5621 5
5621 5637 6
5637 5579 19
5579 5687 19
5687 5686 5
5686 5722 6
5722 5748 14
5748 5850 19
5850 5825 6
5825 5851 3
5851 5958 18
5958 5859 38
5859 5675 28
5675 5588 30
5588 5502 18
5502 5503 8
5503 5504 4
5504 5409 20
5409 5442 15
5442 5473 6
5473 5489 4
5489 5482 17
5482 5474 3
5474 5328 25
5328 5342 7
5342 5305 13
5305 5181 22
5181 5135 8
5135 5091 8
5091 5063 6
5063 5090 18
5090 5001 15
5001 5010 8
5010 5000 7
5000 5105 25
5105 5156 12
5156 5180 5
5180 5194 3
5194 5221 9
5221 5229 2
5229 5330 17
5330 5384 12
5384 5295 16
5295 5294 17
5294 5293 4
5293 5292 3
5292 5420 21
5420 5398 14
5398 5389 5
5389 5322 12
5322 5309 5
5309 5304 10
5304 5187 22
5187 5128 13
5128 5134 14
5134 5117 21
5117 5055 11
5055 5016 9
5016 4952 16
4952 4835 25
4835 4844 33
4844 4839 6
4839 4854 13
4854 4900 10
4900 4933 6
4933 4915 11
4915 4960 10
4960 4985 7
4985 4984 3
4984 4983 6
4983 4848 25
4848 4771 41
4771 4737 25
4737 4696 9
4696 4701 21
4701 4666 16
4666 4676 28
4676 4672 15
4672 4616 14
4616 4564 13
4564 4581 4
4581 4548 13
4548 4400 34
4400 4465 15
4465 4496 7
4496 4549 19
4549 4523 18
4523 4536 4
4536 4567 24
4567 4593 8
4593 4641 27
4641 4545 19
4545 4505 11
4505 4356 31
4356 4336 23
4336 4328 16
4328 4516 35
4516 4603 18
4603 4626 18
4626 4606 28
4606 4546 16
4546 4742 42
4742 4791 13
4791 4888 41
4888 5002 28
5002 5036 6
5036 5011 38
5011 4877 33
4877 5069 33
5069 5056 5
5056 5092 20
5092 5271 37
5271 5437 28
5437 5344 32
5344 5270 14
5270 5316 37
5316 5385 10
5385 5431 10
5431 5563 28
5563 5570 17
5570 5550 11
5550 5645 22
5645 5618 9
5618 5528 19
5528 5512 11
5512 5452 15
5452 5400 11
5400 5343 12
5343 5282 15
5282 5245 12
5245 5157 18
5157 5152 29
5152 5195 7
5195 5244 11
5244 5399 24
5399 5451 11
5451 5580 26
5580 5676 18
5676 5644 10
5644 5696 10
5696 5817 20
5817 5820 4
5820 5852 18
5852 5818 5
5818 5904 15
5904 5989 11
5989 6026 19
6026 6019 25
6019 6054 6
6054 6157 17
6157 6158 7
6158 6195 12
6195 5936 45
5936 5853 14
5853 5881 20
5881 5804 13
5804 5772 11
5772 5778 4
5778 5749 11
5749 5663 13
5663 5688 15
5688 5704 11
5704 5737 5
5737 5796 21
5796 5750 31
5750 5589 29
5589 5655 13
5655 5777 24
5777 5784 1
5784 5783 1
5783 5821 6
5821 5889 12
5889 5944 8
5944 5998 15
5998 6095 17
6095 6122 24
6122 6055 17
6055 6027 4
6027 5986 9
5986 5934 8
5934 5865 12
5865 5857 3
5857 5854 7
5854 5893 19
5893 5894 2
5894 5931 5
5931 5935 1
5935 5941 9
5941 5878 11
5878 5855 7
5855 5907 15
5907 5961 8
5961 6056 16
6056 6858 162
6858 6854 2
6854 6765 42
6765 6670 35
6670 6587 41
6587 6541 23
6541 6433 93
6433 6375 11
6375 6424 16
6424 6240 33
6240 6271 23
6271 5751 143
5751 5513 39
5513 5505 3
5505 4820 155
4820 4697 28
4697 4675 24
4675 4421 59
4421 4380 17
4380 4304 17
4304 4218 32
4218 4178 30
4178 4217 16
4217 4289 17
4289 4357 17
4357 4427 11
4427 4517 19
4517 4529 4
4529 4497 15
4497 4459 28
4459 4396 16
4396 4303 17
4303 4283 15
4283 4174 22
4174 4188 8
4188 4216 16
4216 4089 27
4089 3994 20
3994 3976 5
3976 3955 6
3955 3977 11
3977 3924 8
3924 3950 39
3950 3279 139
3279 2955 96
2955 2956 17
2956 2957 17
2957 2907 24
2907 2906 17
2906 2845 37
2845 2844 17
2844 2763 17
2763 2762 33
2762 2843 17
2843 2797 32
2797 2818 10
2818 2792 6
2792 2787 7
2787 2852 12
2852 2817 22
2817 2800 5
2800 2790 4
2790 2789 1
2789 2773 8
2773 2747 15
2747 2744 11
2744 2734 20
2734 2761 8
2761 2804 11
2804 2806 0
2806 2857 11
2857 2842 7
2842 2851 12
2851 2866 11
2866 2868 25
2868 2884 17
2884 2921 8
2921 3105 59
3105 3478 85
3478 3517 19
3517 3593 21
3593 3617 16
3617 3649 5
3649 3650 17
3650 3721 17
3721 3735 10
3735 3788 13
3788 3795 9
3795 3789 7
3789 3764 5
3764 3790 14
3790 3836 22
3836 3839 1
3839 3873 5
3873 3837 9
3837 3850 7
3850 3874 4
3874 3905 10
3905 3942 7
3942 3923 12
3923 3935 3
3935 3975 12
3975 4020 11
4020 4043 12
4043 3974 18
3974 3917 10
3917 3872 7
3872 3871 17
3871 3973 17
3973 4040 23
4040 4187 35
4187 4177 22
4177 4198 6
4198 4319 22
4319 4419 17
4419 4537 27
4537 4533 19
4533 4430 24
4430 4334 17
4334 4200 32
4200 4327 37
4327 4335 21
4335 4348 3
4348 4161 36
4161 4079 31
4079 4182 34
4182 4186 4
4186 4096 25
4096 3956 27
3956 3988 7
3988 3971 8
3971 3982 3
3982 3916 11
3916 3921 6
3921 3970 13
3970 4003 11
4003 4047 10
4047 4185 30
4185 4172 27
4172 4179 9
4179 4251 14
4251 4307 8
4307 4375 15
4375 4365 15
4365 4371 23
4371 4279 17
4279 4288 19
4288 4291 0
4291 4248 9
4248 4166 16
4166 4155 26
4155 4070 25
4070 4036 13
4036 4010 6
4010 3980 7
3980 3989 3
3989 3969 4
3969 4007 7
4007 4027 7
4027 4034 18
4034 3893 26
3893 3760 24
3760 3753 14
3753 3767 5
3767 3846 15
3846 3892 21
3892 3881 2
3881 3794 20
3794 3749 8
3749 3670 23
3670 3570 20
3570 3545 14
3545 3646 17
3646 3663 14
3663 3664 2
3664 3607 9
3607 3672 15
3672 3625 26
3625 3556 15
3556 3571 4
3571 3587 13
3587 3586 3
3586 3562 6
3562 3524 9
3524 3509 5
3509 3508 5
3508 3443 11
3443 3429 18
3429 3481 6
3481 3496 6
3496 3494 1
3494 3474 12
3474 3396 16
3396 3400 11
3400 3485 16
3485 3497 3
3497 3536 11
3536 3555 10
3555 3561 0
3561 3606 13
3606 3544 15
3544 3515 8
3515 3480 9
3480 3454 9
3454 3473 8
3473 3421 9
3421 3401 12
3401 3340 13
3340 3313 9
3313 3296 2
3296 3258 12
3258 3232 4
3232 3225 3
3225 3187 23
3187 3165 10
3165 3216 25
3216 3244 7
3244 3250 1
3250 3262 5
3262 3297 11
3297 3292 1
3292 3327 11
3327 3314 4
3314 3326 2
3326 3265 15
3265 3315 16
3315 3370 13
3370 3319 18
3319 3320 10
3320 3301 16
3301 3354 18
3354 3391 10
3391 3381 5
3381 3410 9
3410 3430 7
3430 3475 8
3475 3488 2
3488 3461 12
3461 3476 6
3476 3498 4
3498 3532 10
3532 3516 15
3516 3477 11
3477 3503 7
3503 3585 19
3585 3665 19
3665 3720 23
3720 3821 24
3821 3771 12
3771 3798 26
3798 3869 19
3869 3903 7
3903 3813 22
3813 3870 31
3870 4012 24
4012 4024 14
4024 4032 14
4032 3983 13
3983 3972 5
3972 3897 14
3897 3787 21
3787 3822 10
3822 3858 16
3858 3860 1
3860 3835 5
3835 3755 20
3755 3702 16
3702 3609 19
3609 3648 8
3648 3627 7
3627 3647 10
3647 3675 9
3675 3695 29
3695 3615 16
3615 3588 13
3588 3557 7
3557 3523 10
3523 3558 7
3558 3521 14
3521 3559 7
3559 3589 10
3589 3577 9
3577 3525 9
3525 3456 18
3456 3458 13
3458 3436 4
3436 3415 8
3415 3486 11
3486 3427 12
3427 3450 11
3450 3428 4
3428 3393 12
3393 3422 12
3422 3392 12
3392 3328 14
3328 3316 3
3316 3336 14
3336 3295 8
3295 3291 10
3291 3254 11
3254 3246 8
3246 3188 20
3188 3158 19
3158 3182 7
3182 3217 10
3217 3245 7
3245 3205 16
3205 3190 9
3190 3200 6
3200 3259 15
3259 3252 6
3252 3202 24
3202 3186 16
3186 3129 17
3129 3125 9
3125 3072 17
3072 3061 7
3061 3062 0
3062 3063 0
3063 3011 16
3011 3005 17
3005 3040 13
3040 3043 2
3043 3065 2
3065 3060 0
3060 3096 12
3096 3123 17
3123 3067 16
3067 3068 6
3068 3034 7
3034 3012 12
3012 3027 17
3027 3059 11
3059 3081 6
3081 3071 26
3071 3021 22
3021 2991 19
2991 2942 19
2942 2886 23
2886 2809 23
2809 2840 15
2840 2877 10
2877 2839 10
2839 2767 18
2767 2759 0
2759 2731 15
2731 2726 6
2726 2708 9
2708 2666 11
2666 2664 14
2664 2710 13
2710 2730 18
2730 2750 19
2750 2785 8
2785 2784 0
2784 2814 12
2814 2864 23
2864 2865 0
2865 2824 15
2824 2876 11
2876 2867 21
2867 2914 14
2914 2870 15
2870 2841 13
2841 2813 7
2813 2735 20
2735 2788 21
2788 2849 18
2849 2772 17
2772 2770 3
2770 2803 11
2803 2815 4
2815 2810 3
2810 2760 15
2760 2807 12
2807 2799 7
2799 2808 20
2808 2739 21
2739 2663 28
2663 2601 30
2601 2515 30
2515 2500 36
2500 2547 18
2547 2600 32
2600 2618 12
2618 2706 41
2706 2702 18
2702 2733 14
2733 2670 16
2670 2653 8
2653 2643 2
2643 2622 10
2622 2602 10
2602 2623 38
2623 2568 19
2568 2542 26
2542 2565 11
2565 2584 5
2584 2591 3
2591 2621 12
2621 2628 11
2628 2599 8
2599 2583 7
2583 2571 3
2571 2594 12
2594 2574 8
2574 2614 13
2614 2608 17
2608 2592 11
2592 2557 13
2557 2541 8
2541 2554 9
2554 2545 13
2545 2514 17
2514 2492 11
2492 2497 12
2497 2476 10
2476 2450 16
2450 2467 17
2467 2491 7
2491 2469 10
2469 2490 10
2490 2501 5
2501 2475 6
2475 2429 27
2429 2404 7
2404 2421 19
2421 2453 17
2453 2472 12
2472 2495 6
2495 2506 5
2506 2511 6
2511 2540 7
2540 2546 3
2546 2555 10
2555 2558 7
2558 2595 15
2595 2610 13
2610 2661 14
2661 2682 24
2682 2704 16
2704 2737 14
2737 2769 6
2769 2765 2
2765 2766 4
2766 2777 4
2777 2782 1
2782 2796 11
2796 2812 4
2812 2838 15
2838 2863 10
2863 2801 14
2801 2783 12
2783 2722 16
2722 2715 3
2715 2758 18
2758 2776 11
2776 2820 13
2820 2879 16
2879 2937 20
2937 2930 14
2930 2960 12
2960 2941 14
2941 2944 3
2944 2927 11
2927 2973 17
2973 3010 11
3010 3032 7
3032 3091 19
3091 3046 12
3046 3058 0
3058 3057 12
3057 3009 16
3009 3016 11
3016 3008 6
3008 3020 22
3020 3080 22
3080 3126 16
3126 3120 9
3120 3131 3
3131 3156 8
3156 3154 8
3154 3159 7
3159 3210 15
3210 3272 17
3272 3329 16
3329 3332 0
3332 3346 9
3346 3349 7
3349 3457 29
3457 3490 5
3490 3424 13
3424 3322 27
3322 3365 19
3365 3363 15
3363 3505 27
3505 3435 17
3435 3567 26
3567 3576 13
3576 3584 7
3584 3590 1
3590 3601 6
3601 3602 8
3602 3604 3
3604 3605 6
3605 3594 8
3594 3554 7
3554 3455 18
3455 3434 4
3434 3403 17
3403 3420 14
3420 3433 3
3433 3414 4
3414 3395 9
3395 3398 6
3398 3402 4
3402 3416 4
3416 3394 12
3394 3353 10
3353 3325 12
3325 3318 4
3318 3300 16
3300 3348 10
3348 3390 8
3390 3384 14
3384 3356 13
3356 3389 19
3389 3408 6
3408 3487 22
3487 3506 4
3506 3551 12
3551 3507 13
3507 3448 21
3448 3483 4
3483 3437 14
3437 3444 7
3444 3495 8
3495 3412 15
3412 3442 14
3442 3441 4
3441 3472 6
3472 3440 4
3440 3418 4
3418 3344 18
3344 3310 13
3310 3299 6
3299 3286 10
3286 3309 11
3309 3253 15
3253 3240 5
3240 3207 11
3207 3241 15
3241 3242 17
3242 3167 24
3167 3139 14
3139 3117 5
3117 3101 6
3101 3069 17
3069 3070 17
3070 3098 13
3098 3124 11
3124 3164 18
3164 3178 6
3178 3161 9
3161 3103 14
3103 3083 13
3083 3054 6
3054 3007 16
3007 2971 19
2971 2984 6
2984 2979 3
2979 2970 7
2970 2929 18
2929 2899 20
2899 2885 3
2885 2912 9
2912 2898 5
2898 2897 17
2897 2786 28
2786 2791 4
2791 2781 9
2781 2780 0
2780 2745 16
2745 2753 18
2753 2825 20
2825 2831 6
2831 2859 7
2859 2928 22
2928 2896 12
2896 2895 17
2895 2935 18
2935 2894 13
2894 2878 7
2878 2858 15
2858 2855 24
2855 2893 15
2893 2982 32
2982 2994 16
2994 3050 18
3050 3112 17
3112 3111 17
3111 3045 23
3045 3000 16
3000 2999 4
2999 2931 26
2931 2892 12
2892 2939 20
2939 2891 22
2891 2890 17
2890 2889 17
2889 2947 17
2947 3014 20
3014 2988 19
2988 2987 17
2987 2998 6
2998 3049 17
3049 3085 8
3085 3110 9
3110 3157 11
3157 3173 8
3173 3221 25
3221 3137 30
3137 3102 7
3102 3044 36
3044 3107 19
3107 3192 21
3192 3228 13
3228 3234 18
3234 3260 12
3260 3303 14
3303 3364 20
3364 3362 11
3362 3399 7
3399 3411 8
3411 3465 10
3465 3439 11
3439 3453 5
3453 3466 3
3466 3385 17
3385 3360 9
3360 3324 28
3324 3235 24
3235 3189 15
3189 3166 20
3166 3174 13
3174 3257 22
3257 3304 16
3304 3345 8
3345 3305 18
3305 3306 17
3306 3294 7
3294 3236 17
3236 3229 3
3229 3237 15
3237 3222 5
3222 3177 19
3177 3176 17
3176 3175 17
3175 3145 20
3145 3113 6
3113 3077 14
3077 3051 6
3051 3087 14
3087 3052 9
3052 2989 28
2989 2968 17
2968 3001 11
3001 3024 5
3024 3036 12
3036 3075 11
3075 3089 14
3089 3053 10
3053 3030 14
3030 2986 11
2986 2948 18
2948 2995 19
2995 3042 16
3042 3066 13
3066 3116 16
3116 3092 15
3092 3115 8
3115 3114 17
3114 3146 15
3146 3162 11
3162 3138 15
3138 3212 20
3212 3230 18
3230 3238 1
3238 3264 10
3264 3308 12
3308 3307 7
3307 3376 15
3376 3369 6
3369 3335 10
3335 3285 15
3285 3386 26
3386 3407 6
3407 3446 9
3446 3469 9
3469 3539 20
3539 3599 14
3599 3581 13
3581 3632 19
3632 3608 13
3608 3641 5
3641 3659 12
3659 3640 6
3640 3723 22
3723 3712 24
3712 3727 10
3727 3769 14
3769 3763 11
3763 3830 14
3830 3842 17
3842 3909 19
3909 3904 12
3904 3742 33
3742 3759 30
3759 3770 8
3770 3843 14
3843 3902 28
3902 4042 28
4042 4046 7
4046 3998 19
3998 3937 12
3937 3866 20
3866 3877 1
3877 3995 22
3995 3929 20
3929 3967 19
3967 4014 10
4014 4023 2
4023 4058 9
4058 4039 12
4039 4091 12
4091 4093 1
4093 4167 18
4167 4240 19
4240 4314 16
4314 4374 21
4374 4410 18
4410 4426 3
4426 4439 7
4439 4519 14
4519 4494 15
4494 4446 16
4446 4562 25
4562 4587 8
4587 4654 15
4654 4637 8
4637 4682 10
4682 4721 12
4721 4722 2
4722 4766 24
4766 4745 6
4745 4723 12
4723 4636 19
4636 4683 22
4683 4655 14
4655 4580 17
4580 4512 19
4512 4359 28
4359 4302 22
4302 4230 22
4230 4132 20
4132 4107 8
4107 3986 27
3986 3996 19
3996 3968 12
3968 3884 15
3884 3875 5
3875 3784 18
3784 3738 12
3738 3736 1
3736 3765 14
3765 3829 14
3829 3761 23
3761 3783 7
3783 3816 12
3816 3782 24
3782 3741 14
3741 3812 24
3812 3704 28
3704 3711 18
3711 3643 17
3643 3661 9
3661 3642 4
3642 3527 23
3527 3470 13
3470 3471 8
3471 3333 29
3333 3239 22
3239 3289 20
3289 3350 12
3350 3387 9
3387 3377 6
3377 3388 11
3388 3413 7
3413 3514 18
3514 3548 19
3548 3600 10
3600 3654 9
3654 3622 4
3622 3549 17
3549 3550 7
3550 3541 2
3541 3616 15
3616 3614 1
3614 3691 16
3691 3692 1
3692 3644 15
3644 3540 19
3540 3518 5
3518 3538 11
3538 3529 7
3529 3582 10
3582 3671 16
3671 3623 12
3623 3655 9
3655 3630 8
3630 3708 23
3708 3693 4
3693 3583 22
3583 3552 11
3552 3543 3
3543 3591 12
3591 3610 7
3610 3674 10
3674 3682 3
3682 3645 13
3645 3631 7
3631 3553 16
3553 3563 4
3563 3484 17
3484 3502 18
3502 3522 7
3522 3542 11
3542 3592 9
3592 3629 20
3629 3651 16
3651 3683 9
3683 3688 8
3688 3786 24
3786 3802 4
3802 3896 17
3896 3910 4
3910 3990 14
3990 3949 12
3949 3885 13
3885 3880 1
3880 3833 11
3833 3868 16
3868 3911 6
3911 3886 10
3886 3848 5
3848 3898 13
3898 3799 19
3799 3793 4
3793 3739 18
3739 3718 7
3718 3681 14
3681 3662 14
3662 3660 19
3660 3713 14
3713 3719 11
3719 3714 3
3714 3706 5
3706 3818 25
3818 3832 10
3832 3920 16
3920 3891 6
3891 3861 7
3861 3946 18
3946 4030 15
4030 3987 16
3987 4006 13
4006 4018 10
4018 4073 10
4073 4072 5
4072 4083 4
4083 4105 8
4105 4124 6
4124 4195 16
4195 4222 2
4222 4252 17
4252 4270 4
4270 4346 14
4346 4362 6
4362 4399 9
4399 4287 19
4287 4269 4
4269 4265 14
4265 4306 10
4306 4367 14
4367 4344 16
4344 4420 13
4420 4515 17
4515 4535 22
4535 4605 16
4605 4664 14
4664 4759 23
4759 4741 18
4741 4740 2
4740 4750 6
4750 4657 23
4657 4689 15
4689 4631 20
4631 4542 19
4542 4464 17
4464 4353 26
4353 4434 15
4434 4471 13
4471 4504 6
4504 4623 27
4623 4700 18
4700 4819 31
4819 4818 22
4818 4747 19
4747 4798 15
4798 4846 11
4846 4876 7
4876 4909 13
4909 5018 22
5018 5045 5
5045 5021 11
5021 4992 9
4992 5088 25
5088 4982 17
4982 4981 5
4981 4920 8
4920 4847 13
4847 4790 13
4790 4736 14
4736 4725 10
4725 4703 4
4703 4670 16
4670 4629 14
4629 4551 20
4551 4443 22
4443 4405 8
4405 4316 16
4316 4234 16
4234 4215 14
4215 4158 15
4158 4077 23
4077 4165 26
4165 4194 6
4194 4272 17
4272 4225 24
4225 4242 11
4242 4160 23
4160 4141 7
4141 4237 22
4237 4184 20
4184 4108 18
4108 4064 12
4064 4015 9
4015 4035 17
4035 4066 10
4066 4044 19
4044 3940 23
3940 3851 16
3851 3756 22
3756 3879 29
3879 3878 3
3878 3853 5
3853 3807 10
3807 3746 12
3746 3717 9
3717 3701 14
3701 3728 6
3728 3806 18
3806 3758 13
3758 3743 7
3743 3785 8
3785 3801 10
3801 3834 13
3834 3867 8
3867 3857 16
3857 3906 9
3906 4004 21
4004 4069 15
4069 4060 9
4060 4059 17
4059 4063 18
4063 4097 12
4097 4133 7
4133 4134 11
4134 4171 11
4171 4181 9
4181 4183 1
4183 4284 27
4284 4343 14
4343 4406 12
4406 4413 3
4413 4452 14
4452 4495 7
4495 4507 3
4507 4557 15
4557 4646 18
4646 4635 20
4635 4669 8
4669 4724 13
4724 4760 11
4760 4789 20
4789 4833 14
4833 4899 15
4899 4867 19
4867 4932 22
4932 4965 13
4965 5015 6
5015 5087 27
5087 5032 12
5032 5086 12
5086 5017 11
5017 4990 10
4990 4903 13
4903 4882 23
4882 4866 3
4866 4832 9
4832 4788 16
4788 4756 29
4756 4653 26
4653 4652 17
4652 4625 8
4625 4614 4
4614 4579 11
4579 4538 10
4538 4540 12
4540 4521 7
4521 4493 12
4493 4467 13
4467 4355 19
4355 4247 23
4247 4202 11
4202 4131 16
4131 4102 7
4102 4099 1
4099 4130 14
4130 4176 14
4176 4090 28
4090 4057 23
4057 4082 6
4082 4146 17
4146 4214 18
4214 4290 17
4290 4301 3
4301 4395 17
4395 4352 15
4352 4342 3
4342 4394 8
4394 4492 20
4492 4433 11
4433 4393 7
4393 4300 17
4300 4325 10
4325 4392 14
4392 4435 16
4435 4450 9
4450 4524 27
4524 4588 15
4588 4609 17
4609 4699 22
4699 4720 7
4720 4817 25
4817 4874 13
4874 4773 23
4773 4755 12
4755 4805 15
4805 4862 16
4862 4875 7
4875 4928 18
4928 4980 7
4980 5003 6
5003 4979 12
4979 5064 20
5064 5070 9
5070 5005 22
5005 5085 29
5085 5046 9
5046 5020 5
5020 4849 27
4849 4945 29
4945 4913 13
4913 4939 11
4939 4802 30
4802 4814 9
4814 4746 17
4746 4719 17
4719 4645 24
4645 4758 32
4758 4787 7
4787 4884 19
4884 4930 10
4930 4978 27
4978 5081 24
5081 5080 17
5080 5039 8
5039 4911 19
4911 4887 5
4887 4893 5
4893 4855 8
4855 4824 8
4824 4956 37
4956 5072 28
5072 4951 24
4951 4912 6
4912 4845 15
4845 4826 15
4826 4774 13
4774 4710 20
4710 4661 17
4661 4674 13
4674 4795 30
4795 4735 19
4735 4644 25
4644 4561 17
4561 4570 21
4570 4474 19
4474 4417 11
4417 4361 27
4361 4192 32
4192 4114 23
4114 4115 12
4115 4180 16
4180 4211 5
4211 4271 19
4271 4282 23
4282 4313 16
4313 4255 9
4255 4189 16
4189 4212 4
4212 4228 15
4228 4224 1
4224 4213 2
4213 4145 13
4145 4139 12
4139 4085 14
4085 4076 7
4076 4119 12
4119 4153 8
4153 4103 22
4103 4019 23
4019 4056 9
4056 4026 8
4026 3997 15
3997 3941 13
3941 3914 18
3914 3915 0
3915 3865 9
3865 3781 23
3781 3724 20
3724 3639 18
3639 3658 8
3658 3624 9
3624 3460 32
3460 3468 6
3468 3425 10
3425 3432 4
3432 3467 8
3467 3520 15
3520 3519 17
3519 3596 17
3596 3621 19
3621 3680 18
3680 3732 15
3732 3776 11
3776 3820 14
3820 3817 11
3817 3864 13
3864 3936 12
3936 3938 8
3938 4081 26
4081 4121 13
4121 4129 10
4129 4112 26
4112 4144 7
4144 4210 15
4210 4264 24
4264 4347 25
4347 4463 27
4463 4442 42
4442 4315 24
4315 4191 22
4191 4170 12
4170 4068 37
4068 4054 5
4054 4055 0
4055 4001 27
4001 3985 6
3985 3908 25
3908 3966 33
3966 3900 29
3900 3890 19
3890 3814 16
3814 3779 6
3779 3775 21
3775 3780 13
3780 3815 10
3815 3811 17
3811 3796 5
3796 3737 12
3737 3656 26
3656 3638 23
3638 3572 15
3572 3547 10
3547 3595 8
3595 3678 16
3678 3726 18
3726 3744 14
3744 3725 7
3725 3716 6
3716 3634 18
3634 3637 10
3637 3513 26
3513 3464 27
3464 3452 4
3452 3375 18
3375 3282 24
3282 3233 20
3233 3211 15
3211 3277 19
3277 3331 11
3331 3330 0
3330 3256 25
3256 3284 10
3284 3338 11
3338 3357 4
3357 3378 4
3378 3482 26
3482 3564 17
3564 3575 20
3575 3679 25
3679 3703 9
3703 3757 21
3757 3852 25
3852 3918 10
3918 3913 13
3913 3939 7
3939 3907 9
3907 3825 20
3825 3932 19
3932 3993 19
3993 4053 16
4053 4052 17
4052 4109 20
4109 4150 17
4150 4201 24
4201 4262 32
4262 4299 6
4299 4391 24
4391 4414 20
4414 4424 2
4424 4476 10
4476 4532 20
4532 4416 25
4416 4305 20
4305 4244 32
4244 4163 16
4163 4117 13
4117 4106 24
4106 4137 10
4137 4246 25
4246 4293 11
4293 4408 32
4408 4458 11
4458 4418 28
4418 4466 15
4466 4584 24
4584 4586 8
4586 4671 23
4671 4660 9
4660 4566 21
4566 4619 18
4619 4613 31
4613 4618 31
4618 4729 24
4729 4806 26
4806 4873 19
4873 4872 17
4872 4881 10
4881 4937 11
4937 4950 10
4950 5009 7
5009 5079 13
5079 5123 14
5123 5066 9
5066 5042 5
5042 4989 17
4989 4886 16
4886 4786 28
4786 4904 24
4904 4919 7
4919 4953 6
4953 5031 15
5031 4955 19
4955 4922 6
4922 4907 13
4907 4841 12
4841 4828 9
4828 4765 18
4765 4684 34
4684 4744 22
4744 4733 16
4733 4718 18
4718 4695 12
4695 4678 14
4678 4612 15
4612 4518 21
4518 4472 8
4472 4468 24
4468 4448 4
4448 4338 26
4338 4318 8
4318 4239 19
4239 4104 27
4104 4095 3
4095 4084 15
4084 4157 21
4157 4152 23
4152 4235 16
4235 4243 8
4243 4286 9
4286 4330 9
4330 4376 10
4376 4373 3
4373 4345 24
4345 4332 7
4332 4454 23
4454 4409 12
4409 4447 20
4447 4429 9
4429 4475 14
4475 4547 16
4547 4569 6
4569 4583 1
4583 4589 5
4589 4553 13
4553 4611 11
4611 4596 11
4596 4502 22
4502 4522 18
4522 4526 2
4526 4599 15
4599 4610 4
4610 4592 12
4592 4556 13
4556 4598 7
4598 4640 12
4640 4651 2
4651 4673 7
4673 4698 7
4698 4692 19
4692 4731 11
4731 4778 19
4778 4825 16
4825 4853 10
4853 4918 12
4918 4967 8
4967 5006 13
5006 4941 12
4941 4963 4
4963 4964 8
4964 4916 9
4916 5007 12
5007 5040 7
5040 5065 12
5065 5113 8
5113 5158 9
5158 5142 5
5142 5119 6
5119 5145 15
5145 5094 10
5094 5110 9
5110 5027 16
5027 5043 12
5043 4996 12
4996 4917 13
4917 4934 9
4934 4905 10
4905 4946 12
4946 4938 4
4938 4906 6
4906 4840 12
4840 4813 14
4813 4808 15
4808 4838 13
4838 4767 18
4767 4830 14
4830 4812 17
4812 4792 5
4792 4823 9
4823 4794 14
4794 4807 5
4807 4779 5
4779 4748 9
4748 4706 12
4706 4709 2
4709 4662 16
4662 4559 21
4559 4552 1
4552 4543 4
4543 4558 9
4558 4585 3
4585 4541 7
4541 4510 16
4510 4480 5
4480 4445 7
4445 4478 9
4478 4456 4
4456 4457 1
4457 4432 6
4432 4402 10
4402 4363 8
4363 4341 7
4341 4298 8
4298 4277 2
4277 4308 11
4308 4233 17
4233 4199 6
4199 4193 3
4193 4227 9
4227 4274 12
4274 4312 6
4312 4324 11
4324 4364 9
4364 4415 11
4415 4401 4
4401 4354 7
4354 4351 3
4351 4337 18
4337 4411 15
4411 4491 14
4491 4490 17
4490 4511 4
4511 4560 13
4560 4594 6
4594 4525 15
4525 4500 8
4500 4520 10
4520 4513 2
4513 4597 19
4597 4622 10
4622 4624 2
4624 4650 9
4650 4690 10
4690 4668 20
4668 4702 9
4702 4734 13
4734 4726 11
4726 4749 11
4749 4679 17
4679 4658 9
4658 4607 11
4607 4602 3
4602 4501 22
4501 4499 2
4499 4554 23
4554 4479 16
4479 4514 9
4514 4451 12
4451 4449 2
4449 4398 11
4398 4428 11
4428 4407 6
4407 4369 5
4369 4250 24
4250 4208 10
4208 4173 23
4173 4101 16
4101 4151 16
4151 4154 2
4154 4197 9
4197 4169 9
4169 4143 6
4143 4128 16
4128 4062 23
4062 4088 10
4088 4148 16
4148 4196 18
4196 4111 19
4111 4110 18
4110 4164 13
4164 4207 11
4207 4268 13
4268 4340 13
4340 4267 14
4267 4311 18
4311 4310 1
4310 4321 9
4321 4280 9
4280 4358 17
4358 4389 9
4389 4379 7
4379 4437 8
4437 4477 10
4477 4460 9
4460 4423 8
4423 4425 11
4425 4441 4
4441 4509 13
4509 4531 6
4531 4555 7
4555 4639 16
4639 4705 17
4705 4775 19
4775 4811 7
4811 4857 12
4857 4859 1
4859 4863 1
4863 4879 3
4879 4962 19
4962 4974 7
4974 5078 24
5078 4901 28
4901 4871 9
4871 4799 15
4799 4816 12
4816 4870 12
4870 4821 20
4821 4793 9
4793 4716 29
4716 4677 19
4677 4621 14
4621 4591 9
4591 4604 14
4604 4643 20
4643 4717 19
4717 4752 13
4752 4681 18
4681 4578 24
4578 4530 11
4530 4453 14
4453 4431 22
4431 4378 49
4378 4292 18
4292 4326 11
4326 4266 19
4266 4276 26
4276 4159 23
4159 4113 29
4113 4065 14
4065 4067 5
4067 3984 22
3984 3933 18
3933 3981 7
3981 4033 11
4033 4071 15
4071 4087 6
4087 4005 25
4005 4021 17
4021 4031 13
4031 3954 15
3954 3899 11
3899 3855 12
3855 3831 8
3831 3730 24
3730 3698 19
3698 3694 33
3694 3740 16
3740 3747 39
3747 3791 23
3791 3888 36
3888 3901 4
3901 3847 10
3847 3876 45
3876 3883 17
3883 3887 22
3887 3709 39
3709 3579 48
3579 3619 36
3619 3373 52
3373 3491 29
3491 3406 59
3406 3635 51
3635 3463 39
3463 3526 41
3526 3334 44
3334 3108 56
3108 2683 119
2683 2309 151
2309 2277 17
2277 1998 373
1998 2223 403
2223 2326 102
2326 2480 77
2480 2523 17
2523 3035 154
3035 3150 45
3150 3208 47
3208 3213 11
3213 3127 34
3127 3183 27
3183 3379 53
3379 3409 8
3409 3419 9
3419 3530 22
3530 3697 34
3697 3772 26
3772 3826 15
3826 3922 17
3922 3963 11
3963 4013 9
4013 3943 17
3943 3849 24
3849 3882 4
3882 3927 9
3927 3934 1
3934 3979 9
3979 3964 1
3964 4008 11
4008 4025 17
4025 4009 9
4009 4029 4
4029 4075 10
4075 4078 0
4078 4080 13
4080 4017 15
4017 4092 18
4092 4094 2
4094 4074 9
4074 4138 19
4138 4120 16
4120 4086 16
4086 4016 16
4016 3999 4
3999 3951 12
3951 3895 15
3895 3931 28
3931 3856 16
3856 3925 17
3925 3930 2
3930 3947 13
3947 3844 18
3844 3859 9
3859 3827 8
3827 3766 14
3766 3729 15
3729 3805 17
3805 3824 15
3824 3841 9
3841 3809 7
3809 3710 29
3710 3731 21
3731 3699 9
3699 3666 11
3666 3598 12
3598 3573 8
3573 3560 4
3560 3500 33
3500 3371 26
3371 3347 10
3347 3361 7
3361 3342 39
3342 3447 24
3447 3431 11
3431 3489 8
3489 3510 9
3510 3537 6
3537 3568 22
3568 3546 16
3546 3611 14
3611 3684 16
3684 3667 8
3667 3669 8
3669 3668 18
3668 3620 20
3620 3689 14
3689 3745 15
3745 3696 19
3696 3676 14
3676 3653 13
3653 3700 13
3700 3748 13
3748 3792 12
3792 3803 13
3803 3810 9
3810 3823 11
3823 3912 18
3912 3945 11
3945 3965 6
3965 4045 15
4045 4116 20
4116 4175 15
4175 4223 19
4223 4229 15
4229 4236 8
4236 4231 2
4231 4209 10
4209 4238 10
4238 4261 6
4261 4317 13
4317 4377 13
4377 4390 16
4390 4366 2
4366 4370 7
4370 4322 11
4322 4281 6
4281 4333 21
4333 4412 19
4412 4403 12
4403 4331 11
4331 4323 3
4323 4309 5
4309 4258 12
4258 4241 5
4241 4245 5
4245 4278 20
4278 4140 29
4140 4156 31
4156 4037 30
4037 4022 8
4022 4011 5
4011 3953 10
3953 3944 14
3944 3889 11
3889 3840 8
3840 3838 9
3838 3863 9
3863 3797 16
3797 3722 26
3722 3685 12
3685 3574 23
3574 3451 23
3451 3493 22
3493 3533 13
3533 3578 8
3578 3626 10
3626 3673 11
3673 3733 19
3733 3800 17
3800 3773 7
3773 3734 24
3734 3677 17
3677 3612 12
3612 3613 14
3613 3580 9
3580 3531 13
3531 3438 17
3438 3492 18
3492 3426 10
3426 3459 17
3459 3569 19
3569 3566 3
3566 3504 25
3504 3449 8
3449 3397 17
3397 3382 3
3382 3275 26
3275 3219 18
3219 3151 27
3151 3088 20
3088 3028 22
3028 2975 20
2975 2872 34
2872 2822 31
2822 2861 11
2861 2969 36
2969 3038 27
3038 3136 38
3136 3215 27
3215 3276 23
3276 3283 8
3283 3266 11
3266 3268 1
3268 3355 22
3355 3417 19
3417 3343 30
3343 3269 20
3269 3227 19
3227 3280 13
3280 3337 15
3337 3380 26
3380 3352 30
3352 3339 3
3339 3359 10
3359 3374 4
3374 3501 25
3501 3603 22
3603 3534 23
3534 3618 17
3618 3690 14
3690 3686 11
3686 3705 17
3705 3687 10
3687 3628 19
3628 3751 29
3751 3778 8
3778 3819 10
3819 3991 32
3991 3928 23
3928 3845 40
3845 3828 12
3828 3919 23
3919 4000 16
4000 3992 19
3992 3948 9
3948 3926 11
3926 3774 29
3774 3762 3
3762 3754 6
3754 3768 9
3768 3752 5
3752 3636 27
3636 3657 10
3657 3633 5
3633 3597 9
3597 3535 19
3535 3528 3
3528 3511 23
3511 3445 11
3445 3298 33
3298 3247 17
3247 3251 21
3251 3293 16
3293 3321 3
3321 3383 19
3383 3423 15
3423 3366 13
3366 3271 22
3271 3197 21
3197 3130 18
3130 3100 17
3100 3199 24
3199 3141 26
3141 3086 15
3086 3022 20
3022 3033 23
3033 3013 6
3013 2980 16
2980 3084 30
3084 3148 18
3148 3196 19
3196 3149 17
3149 3121 35
3121 3074 18
3074 3029 13
3029 2978 16
2978 2925 20
2925 2805 34
2805 2918 28
2918 2854 27
2854 2714 44
2714 2742 9
2742 2853 27
2853 2811 21
2811 2871 14
2871 2920 16
2920 2938 8
2938 2826 29
2826 2740 22
2740 2720 22
2720 2648 24
2648 2646 24
2646 2524 44
2524 2525 17
2525 2526 33
2526 2481 17
2481 2444 24
2444 2409 24
2409 2368 24
2368 2338 17
2338 2278 37
2278 2249 24
2249 2224 53
2224 2250 17
2250 2279 24
2279 2310 24
2310 2311 17
2311 2339 24
2339 2369 17
2369 2410 17
2410 2411 17
2411 2445 17
2445 2482 24
2482 2527 17
2527 2575 17
2575 2528 24
2528 2529 33
2529 2446 47
2446 2413 24
2413 2412 17
2412 2341 37
2341 2282 37
2282 2253 24
2253 2281 24
2281 2312 17
2312 2340 24
2340 2280 37
2280 2252 17
2252 2251 17
2251 2225 17
2225 2226 17
2226 2227 17
2227 2183 33
2183 2164 24
2164 2165 33
2165 2201 33
2201 2202 17
2202 2203 17
2203 2204 17
2204 2228 17
2228 2243 20
2243 2274 22
2274 2283 2
2283 2276 6
2276 2264 24
2264 2290 13
2290 2300 11
2300 2325 15
2325 2319 8
2319 2335 16
2335 2342 17
2342 2370 17
2370 2371 17
2371 2397 12
2397 2441 20
2441 2470 16
2470 2508 13
2508 2531 9
2531 2530 17
2530 2577 17
2577 2576 17
2576 2615 18
2615 2613 1
2613 2625 6
2625 2676 13
2676 2668 11
2668 2632 16
2632 2677 13
2677 2771 22
2771 2828 21
2828 2736 24
2736 2644 27
2644 2631 7
2631 2709 37
2709 2823 30
2823 2827 11
2827 2915 21
2915 2919 5
2919 2924 4
2924 2922 13
2922 2934 5
2934 2981 16
2981 2985 4
2985 2996 9
2996 3047 21
3047 3082 9
3082 3133 19
3133 3134 0
3134 3109 19
3109 3142 5
3142 3135 6
3135 3153 8
3153 3155 2
3155 3201 17
3201 3193 13
3193 3206 13
3206 3195 5
3195 3170 12
3170 3168 3
3168 3095 26
3095 3026 25
3026 2976 14
2976 3048 30
3048 3017 21
3017 3023 4
3023 3041 21
3041 2946 36
2946 2966 21
2966 2961 12
2961 2959 1
2959 2923 10
2923 2882 13
2882 2829 13
2829 2774 16
2774 2718 14
2718 2727 18
2727 2778 24
2778 2873 22
2873 2913 23
2913 2887 19
2887 2888 17
2888 2830 17
2830 2802 24
2802 2816 8
2816 2721 24
2721 2687 16
2687 2669 9
2669 2612 16
2612 2559 21
2559 2520 12
2520 2517 19
2517 2473 16
2473 2465 18
2465 2440 13
2440 2423 17
2423 2391 11
2391 2395 15
2395 2385 20
2385 2365 20
2365 2336 16
2336 2321 14
2321 2313 6
2313 2303 3
2303 2314 17
2314 2322 8
2322 2333 12
2333 2360 12
2360 2357 25
2357 2343 22
2343 2356 5
2356 2366 19
2366 2386 7
2386 2358 19
2358 2331 9
2331 2332 14
2332 2344 7
2344 2361 10
2361 2396 19
2396 2431 15
2431 2462 26
2462 2461 18
2461 2460 16
2460 2435 13
2435 2406 21
2406 2428 10
2428 2400 9
2400 2392 8
2392 2405 11
2405 2414 9
2414 2437 14
2437 2458 13
2458 2434 12
2434 2442 7
2442 2454 9
2454 2471 11
2471 2504 12
2504 2550 17
2550 2589 15
2589 2548 24
2548 2590 21
2590 2629 20
2629 2624 6
2624 2630 13
2630 2640 2
2640 2688 16
2688 2728 8
2728 2732 14
2732 2707 9
2707 2723 12
2723 2689 9
2689 2660 23
2660 2690 11
2690 2725 9
2725 2741 7
2741 2751 20
2751 2798 23
2798 2752 16
2752 2692 17
2692 2655 13
2655 2691 21
2691 2671 11
2671 2659 6
2659 2633 8
2633 2606 12
2606 2596 3
2596 2593 21
2593 2519 27
2519 2510 8
2510 2493 8
2493 2483 3
2483 2478 4
2478 2505 8
2505 2509 11
2509 2516 16
2516 2484 20
2484 2512 12
2512 2532 7
2532 2560 17
2560 2597 17
2597 2662 17
2662 2693 11
2693 2620 21
2620 2639 6
2639 2604 10
2604 2619 10
2619 2647 9
2647 2694 16
2694 2695 8
2695 2680 10
2680 2696 9
2696 2697 17
2697 2665 10
2665 2641 17
2641 2627 4
2627 2603 8
2603 2566 12
2566 2549 16
2549 2496 20
2496 2474 7
2474 2452 15
2452 2433 20
2433 2456 10
2456 2485 15
2485 2447 24
2447 2466 11
2466 2533 24
2533 2551 8
2551 2578 11
2578 2649 20
2649 2672 12
2672 2717 22
2717 2698 13
2698 2746 16
2746 2832 21
2832 2860 5
2860 2821 11
2821 2833 5
2833 2834 17
2834 2793 9
2793 2743 13
2743 2754 13
2754 2748 14
2748 2755 3
2755 2756 17
2756 2775 4
2775 2779 1
2779 2835 13
2835 2869 7
2869 2901 10
2901 2900 17
2900 2875 10
2875 2916 11
2916 2926 8
2926 2949 9
2949 2967 5
2967 3015 14
3015 3002 15
3002 2950 17
2950 2963 4
2963 2951 13
2951 2943 13
2943 2902 17
2902 2903 15
2903 2917 23
2917 2952 17
2952 2983 20
2983 2972 17
2972 3003 10
3003 3031 8
3031 3055 10
3055 3079 4
3079 3078 0
3078 3104 15
3104 3097 17
3097 3118 17
3118 3144 8
3144 3152 8
3152 3191 15
3191 3231 14
3231 3220 12
3220 3203 7
3203 3179 15
3179 3214 9
3214 3274 16
3274 3278 9
3278 3351 16
3351 3358 14
3358 3311 13
3311 3312 10
3312 3267 18
3267 3270 6
3270 3287 19
3287 3248 16
3248 3224 15
3224 3249 4
3249 3243 11
3243 3218 6
3218 3288 23
3288 3281 3
3281 3209 21
3209 3223 17
3223 3290 17
3290 3261 19
3261 3185 20
3185 3106 22
3106 3122 25
3122 3143 11
3143 3198 15
3198 3169 7
3169 3171 6
3171 3160 10
3160 3128 11
3128 3093 14
3093 3140 14
3140 3184 12
3184 3181 11
3181 3194 14
3194 3180 9
3180 3147 11
3147 3119 13
3119 3099 3
3099 3090 6
3090 3076 9
3076 3037 8
3037 3056 15
3056 3073 13
3073 3004 20
3004 2992 7
2992 2940 20
2940 2953 17
2953 2954 17
2954 2993 16
2993 3025 11
3025 3039 9
3039 3018 10
3018 2974 11
2974 2962 10
2962 3019 27
3019 2977 27
2977 2932 17
2932 2936 3
2936 2965 11
2965 2964 0
2964 2933 13
2933 2911 11
2911 2874 9
2874 2850 8
2850 2862 18
2862 2905 20
2905 2881 9
2881 2856 11
2856 2904 14
2904 2883 13
2883 2880 3
2880 2837 12
2837 2819 10
2819 2836 7
2836 2794 11
2794 2795 1
2795 2757 12
2757 2738 5
2738 2713 9
2713 2673 11
2673 2658 8
2658 2636 7
2636 2645 11
2645 2657 2
2657 2700 13
2700 2729 8
2729 2716 4
2716 2712 23
2712 2699 16
2699 2635 17
2635 2607 8
2607 2552 20
2552 2518 11
2518 2535 7
2535 2581 17
2581 2587 19
2587 2536 18
2536 2537 17
2537 2503 20
2503 2562 23
2562 2588 8
2588 2582 23
2582 2611 15
2611 2637 15
2637 2650 4
2650 2701 14
2701 2685 11
2685 2678 4
2678 2724 11
2724 2768 21
2768 2749 29
2749 2711 13
2711 2679 19
2679 2667 8
2667 2616 18
2616 2556 22
2556 2563 15
2563 2521 13
2521 2494 21
2494 2479 12
2479 2477 8
2477 2507 15
2507 2538 9
2538 2553 6
2553 2564 6
2564 2570 9
2570 2598 12
2598 2626 8
2626 2651 14
2651 2719 20
2719 2705 14
2705 2684 6
2684 2674 5
2674 2642 11
2642 2617 6
2617 2652 10
2652 2609 14
2609 2572 12
2572 2573 8
2573 2567 8
2567 2539 12
2539 2499 13
2499 2457 17
2457 2439 12
2439 2427 12
2427 2403 17
2403 2430 10
2430 2389 17
2389 2362 15
2362 2390 14
2390 2388 8
2388 2381 22
2381 2378 1
2378 2363 7
2363 2334 19
2334 2327 23
2327 2330 5
2330 2323 8
2323 2354 13
2354 2329 8
2329 2308 20
2308 2295 14
2295 2299 22
2299 2351 22
2351 2377 17
2377 2387 6
2387 2426 26
2426 2420 22
2420 2425 17
2425 2463 23
2463 2459 13
2459 2449 7
2449 2468 12
2468 2489 13
2489 2448 17
2448 2432 14
2432 2419 14
2419 2399 7
2399 2374 17
2374 2375 17
2375 2364 7
2364 2376 10
2376 2289 48
2289 2287 3
2287 2292 27
2292 2305 14
2305 2318 3
2318 2350 17
2350 2353 13
2353 2296 25
2296 2286 15
2286 2257 24
2257 2258 17
2258 2234 17
2234 2208 34
2208 2207 17
2207 2186 17
2186 2206 24
2206 2220 18
2220 2242 24
2242 2256 12
2256 2248 15
2248 2255 2
2255 2254 17
2254 2267 12
2267 2285 12
2285 2306 19
2306 2315 5
2315 2348 24
2348 2324 10
2324 2316 7
2316 2297 13
2297 2317 8
2317 2349 17
2349 2359 10
2359 2373 14
2373 2382 18
2382 2384 0
2384 2408 15
2408 2418 15
2418 2417 17
2417 2443 15
2443 2455 16
2455 2488 15
2488 2464 11
2464 2502 26
2502 2561 22
2561 2569 4
2569 2654 23
2654 2634 12
2634 2681 14
2681 2686 12
2686 2675 7
2675 2656 11
2656 2605 14
2605 2580 12
2580 2579 17
2579 2534 17
2534 2513 16
2513 2487 11
2487 2498 16
2498 2486 3
2486 2436 22
2436 2415 15
2415 2424 10
2424 2416 7
2416 2402 1
2402 2372 16
2372 2347 17
2347 2346 17
2346 2345 17
2345 2355 7
2355 2394 26
2394 2407 14
2407 2393 13
2393 2401 13
2401 2438 17
2438 2398 22
2398 2367 14
2367 2383 13
2383 2337 21
2337 2328 21
2328 2320 13
2320 2294 11
2294 2307 20
2307 2304 7
2304 2288 21
2288 2260 22
2260 2246 21
2246 2245 21
2245 2270 14
2270 2262 8
2262 2275 11
2275 2273 3
2273 2298 15
2298 2302 13
2302 2269 25
2269 2268 3
2268 2266 10
2266 2247 9
2247 2239 17
2239 2236 26
2236 2240 6
2240 2229 9
2229 2221 4
2221 2215 6
2215 2237 13
2237 2241 5
2241 2263 20
2263 2272 18
2272 2291 10
2291 2301 9
2301 2293 20
2293 2271 20
2271 2259 19
2259 2238 21
2238 2213 18
2213 2197 14
2197 2191 22
2191 2166 25
2166 2158 20
2158 2148 17
2148 2159 8
2159 2174 13
2174 2170 13
2170 2173 3
2173 2151 19
2151 2147 5
2147 2140 21
2140 2139 4
2139 2128 10
2128 2125 13
2125 2110 20
2110 2117 6
2117 2105 19
2105 2137 21
2137 2130 12
2130 2119 33
2119 2089 41
2089 2087 3
2087 2064 26
2064 2060 14
2060 2053 16
2053 2063 16
2063 2065 9
2065 2083 17
2083 2084 1
2084 2090 14
2090 2100 22
2100 2099 8
2099 2088 21
2088 2120 27
2120 2141 23
2141 2153 10
2153 2177 20
2177 2175 5
2175 2178 20
2178 2190 15
2190 2216 22
2216 2235 23
2235 2233 14
2233 2214 12
2214 2199 9
2199 2205 10
2205 2194 9
2194 2179 15
2179 2189 22
2189 2171 19
2171 2156 18
2156 2152 5
2152 2143 9
2143 2131 17
2131 2124 12
2124 2121 16
2121 2091 25
2091 2070 26
2070 2069 6
2069 2067 10
2067 2061 8
2061 2058 33
2058 2034 28
2034 2012 36
2012 2010 23
2010 2007 16
2007 2009 2
2009 2016 12
2016 2014 17
2014 2011 18
2011 1991 25
1991 1990 13
1990 1977 30
1977 1967 19
1967 1969 23
1969 1968 7
1968 1958 24
1958 1953 32
1953 1947 21
1947 1946 0
1946 1939 9
1939 1931 17
1931 1932 17
1932 1925 24
1925 1924 17
1924 1918 37
1918 1886 149
1886 1853 150
1853 1827 143
1827 1826 17
1826 1818 24
1818 1819 17
1819 1820 17
1820 1821 17
1821 1812 24
1812 1808 17
1808 1795 24
1795 1791 20
1791 1790 8
1790 1780 35
1780 1776 31
1776 1754 19
1754 1734 16
1734 1760 21
1760 1749 24
1749 1731 15
1731 1725 8
1725 1707 17
1707 1693 19
1693 1690 5
1690 1691 33
1691 1672 24
1672 1643 46
1643 1639 15
1639 1621 37
1621 1638 17
1638 1637 17
1637 1653 17
1653 1671 24
1671 1689 17
1689 1723 37
1723 1724 17
1724 1757 33
1757 1758 17
1758 1759 17
1759 1765 10
1765 1787 23
1787 1786 33
1786 1794 17
1794 1793 17
1793 1807 17
1807 1811 24
1811 1806 24
1806 1810 24
1810 1805 24
1805 1804 17
1804 1792 17
1792 1803 24
1803 1802 17
1802 1784 37
1784 1785 17
1785 1773 17
1773 1774 17
1774 1775 33
1775 1748 37
1748 1747 17
1747 1746 17
1746 1722 17
1722 1706 24
1706 1687 24
1687 1688 17
1688 1670 17
1670 1636 37
1636 1620 17
1620 1652 37
1652 1669 24
1669 1686 17
1686 1685 17
1685 1721 37
1721 1745 17
1745 1744 17
1744 1743 17
1743 1742 17
1742 1720 17
1720 1705 17
1705 1704 17
1704 1703 17
1703 1702 17
1702 1741 33
1741 1772 47
1772 1783 37
1783 1771 24
1771 1770 33
1770 1782 24
1782 1781 17
1781 1769 24
1769 1756 17
1756 1740 24
1740 1739 33
1739 1718 17
1718 1719 17
1719 1700 17
1700 1701 33
1701 1683 17
1683 1684 17
1684 1666 17
1666 1648 17
1648 1665 24
1665 1647 24
1647 1664 24
1664 1663 17
1663 1682 17
1682 1699 24
1699 1717 24
1717 1738 17
1738 1755 17
1755 1737 24
1737 1716 17
1716 1715 17
1715 1714 17
1714 1713 33
1713 1698 17
1698 1697 17
1697 1679 17
1679 1678 17
1678 1712 33
1712 1696 24
1696 1736 75
1736 1711 24
1711 1735 24
1735 1388 590
1388 1499 596
1499 1489 17
1489 1473 24
1473 1460 17
1460 1474 24
1474 1490 17
1490 1475 24
1475 1461 24
1461 1476 17
1476 1491 17
1491 1500 24
1500 1516 24
1516 1530 17
1530 1529 17
1529 1542 24
1542 1556 17
1556 1543 24
1543 1557 17
1557 1571 24
1571 1587 24
1587 1570 24
1570 1569 17
1569 1555 24
1555 1568 24
1568 1586 24
1586 1601 24
1601 1600 17
1600 1585 17
1585 1584 50
1584 1612 37
1612 1613 17
1613 1629 24
1629 1628 17
1628 1660 33
1660 1661 17
1661 1680 17
1680 1681 17
1681 1662 17
1662 1646 37
1646 1630 24
1630 1614 17
1614 1615 33
1615 1616 17
1616 1631 17
1631 1632 17
1632 1617 24
1617 1602 17
1602 1588 17
1588 1589 17
1589 1572 17
1572 1558 17
1558 1559 17
1559 1544 17
1544 1531 24
1531 1517 24
1517 1501 17
1501 1492 17
1492 1478 24
1478 1477 17
1477 1451 37
1451 1452 50
1452 1462 69
1462 1463 17
1463 1494 37
1494 1493 33
1493 1502 17
1502 1503 17
1503 1504 17
1504 1505 17
1505 1506 17
1506 1507 17
1507 1518 24
1518 1532 24
1532 1545 37
1545 1562 24
1562 1574 17
1574 1593 17
1593 1604 24
1604 1592 24
1592 1573 17
1573 1561 17
1561 1560 17
1560 1591 33
1591 1590 17
1590 1603 24
1603 1618 24
1618 1633 24
1633 1649 17
1649 1650 17
1650 1667 17
1667 1668 17
1668 1651 24
1651 1634 17
1634 1635 17
1635 1619 17
1619 1605 17
1605 1594 17
1594 1595 33
1595 1575 17
1575 1576 17
1576 1563 37
1563 1564 17
1564 1533 37
1533 1534 17
1534 1546 17
1546 1535 24
1535 1552 31
1552 1577 42
1577 1581 8
1581 1583 37
1583 1580 16
1580 1578 9
1578 1553 25
1553 1547 12
1547 1525 25
1525 1512 30
1512 1522 10
1522 1536 19
1536 1498 35
1498 1487 31
1487 1511 24
1511 1509 20
1509 1520 37
1520 1519 17
1519 1508 24
1508 1495 37
1495 1481 24
1481 1466 17
1466 1465 17
1465 1480 24
1480 1479 17
1479 1464 24
1464 1453 24
1453 1445 24
1445 1454 37
1454 1455 17
1455 1467 37
1467 1468 17
1468 1469 17
1469 1482 17
1482 1486 14
1486 1496 20
1496 1484 13
1484 1471 25
1471 1450 19
1450 1470 22
1470 1459 15
1459 1456 9
1456 1449 8
1449 1448 26
1448 1444 17
1444 1437 10
1437 1432 12
1432 1419 25
1419 1423 18
1423 1428 20
1428 1436 24
1436 1427 17
1427 1417 17
1417 1418 17
1418 1408 17
1408 1399 17
1399 1398 17
1398 1407 24
1407 1406 17
1406 1426 37
1426 1425 17
1425 1435 24
1435 1415 37
1415 1416 17
1416 1405 24
1405 1404 17
1404 1403 17
1403 1397 24
1397 1391 24
1391 1390 17
1390 1389 17
1389 1379 24
1379 1370 17
1370 1364 17
1364 1358 17
1358 1351 24
1351 1344 17
1344 1341 24
1341 1335 17
1335 1334 24
1334 1328 24
1328 1329 33
1329 1320 33
1320 1317 24
1317 1313 17
1313 1307 17
1307 1306 33
1306 1312 17
1312 1316 24
1316 1319 24
1319 1324 24
1324 1315 33
1315 1305 37
1305 1311 25
1311 1304 17
1304 1310 12
1310 1303 14
1303 1301 33
1301 1296 6
1296 1291 17
1291 1284 14
1284 1283 3
1283 1279 13
1279 1273 25
1273 1268 10
1268 1264 17
1264 1261 8
1261 1259 5
1259 1253 18
1253 1246 22
1246 1248 20
1248 1247 4
1247 1240 39
1240 1239 10
1239 1238 4
1238 1231 10
1231 1220 25
1220 1226 15
1226 1219 19
1219 1210 17
1210 1211 17
1211 1212 17
1212 1200 17
1200 1195 17
1195 1196 17
1196 1186 17
1186 1180 24
1180 1174 24
1174 1179 37
1179 1194 37
1194 1178 47
1178 1173 37
1173 1168 24
1168 1164 17
1164 1163 17
1163 1148 37
1148 1155 37
1155 1165 17
1165 1166 17
1166 1157 24
1157 1156 17
1156 1149 17
1149 1140 37
1140 1134 33
1134 1130 22
1130 1131 3
1131 1120 26
1120 1129 28
1129 1127 17
1127 1128 30
1128 1121 32
1121 1117 17
1117 1116 19
1116 1113 19
1113 1114 15
1114 1108 17
1108 1109 33
1109 1094 33
1094 1093 21
1093 1099 11
1099 1103 11
1103 1102 17
1102 1107 17
1107 1106 18
1106 1101 14
1101 1100 9
1100 1097 36
1097 1079 47
1079 1081 35
1081 1088 17
1088 1091 10
1091 1087 24
1087 1089 16
1089 1082 17
1082 1077 17
1077 1080 12
1080 1076 8
1076 1070 17
1070 1068 8
1068 1064 20
1064 1065 13
1065 1071 17
1071 1083 37
1083 1072 42
1072 1062 30
1062 1057 31
1057 1053 19
1053 1046 19
1046 1047 17
1047 1041 17
1041 1034 24
1034 1030 24
1030 1021 17
1021 1022 17
1022 1023 17
1023 1024 33
1024 1016 24
1016 1015 24
1015 1008 24
1008 1009 17
1009 1010 17
1010 1004 17
1004 1000 17
1000 999 17
999 995 17
995 994 17
994 993 17
993 1003 37
1003 1007 17
1007 1014 17
1014 1013 17
1013 1012 50
1012 1006 37
1006 1002 17
1002 998 24
998 992 24
992 990 24
990 987 17
987 983 17
983 984 17
984 979 24
979 978 17
978 975 24
975 976 17
976 971 17
971 966 24
966 963 24
963 967 24
967 968 17
968 964 24
964 957 37
957 952 17
952 958 24
958 953 37
953 947 17
947 940 24
940 939 33
939 946 24
946 945 17
945 944 17
944 951 17
951 956 17
956 950 24
950 949 17
949 961 33
961 960 17
960 955 24
955 943 33
943 938 24
938 937 17
937 931 17
931 923 17
923 932 24
932 924 24
924 917 33
917 913 24
913 908 17
908 909 33
909 914 24
914 919 37
919 925 24
925 933 24
933 934 17
934 935 17
935 926 17
926 927 17
927 920 24
920 928 24
928 921 17
921 918 17
918 922 24
922 929 17
929 930 17
930 936 24
936 941 17
941 948 17
948 954 24
954 959 24
959 962 24
962 965 37
965 970 17
970 974 17
974 977 24
977 982 37
982 986 24
986 973 50
973 969 37
969 972 17
972 981 37
981 980 17
980 985 24
985 988 24
988 989 33
989 991 24
991 996 24
996 1001 17
1001 1005 24
1005 1011 17
1011 1019 33
1019 1020 17
1020 1029 17
1029 1028 17
1028 1033 17
1033 1039 17
1039 1040 17
1040 1044 28
1044 1043 18
1043 1038 17
1038 1032 17
1032 1027 17
1027 1018 17
1018 1017 17
1017 1026 17
1026 1025 17
1025 1031 17
1031 1037 17
1037 1042 24
1042 1050 17
1050 1056 17
1056 1061 24
1061 1067 17
1067 1063 16
1063 1060 23
1060 1055 17
1055 1051 10
1051 1049 10
1049 1045 11
1045 1036 29
1036 1035 33
1035 1048 37
1048 1054 24
1054 1058 24
1058 1059 17
1059 1066 24
1066 1074 24
1074 1075 17
1075 1073 27
1073 1078 17
1078 1084 17
1084 1085 17
1085 1090 17
1090 1092 14
1092 1096 3
1096 1105 17
1105 1111 17
1111 1104 24
1104 1095 17
1095 1098 18
1098 1110 28
1110 1115 24
1115 1118 17
1118 1119 17
1119 1124 24
1124 1123 17
1123 1126 20
1126 1122 15
1122 1133 17
1133 1132 17
1132 1135 17
1135 1141 33
1141 1142 17
1142 1144 24
1144 1143 24
1143 1138 17
1138 1136 17
1136 1137 21
1137 1139 15
1139 1146 33
1146 1145 18
1145 1151 24
1151 1150 17
1150 1158 24
1158 1167 24
1167 1169 17
1169 1175 24
1175 1170 24
1170 1160 21
1160 1171 26
1171 1182 34
1182 1183 17
1183 1176 4
1176 1172 19
1172 1177 34
1177 1189 19
1189 1185 18
1185 1190 3
1190 1205 37
1205 1204 15
1204 1203 17
1203 1199 17
1199 1193 25
1193 1188 16
1188 1198 24
1198 1191 21
1191 1192 11
1192 1184 22
1184 1181 8
1181 1187 24
1187 1197 24
1197 1213 33
1213 1225 27
1225 1227 7
1227 1224 10
1224 1221 19
1221 1214 24
1214 1201 17
1201 1202 15
1202 1207 20
1207 1209 7
1209 1215 17
1215 1218 12
1218 1208 17
1208 1222 27
1222 1217 18
1217 1229 44
1229 1228 17
1228 1236 24
1236 1242 24
1242 1245 37
1245 1250 24
1250 1254 24
1254 1244 33
1244 1235 33
1235 1234 17
1234 1237 35
1237 1233 6
1233 1232 20
1232 1230 27
1230 1241 30
1241 1243 33
1243 1249 37
1249 1262 33
1262 1270 24
1270 1277 24
1277 1275 19
1275 1269 8
1269 1260 25
1260 1257 10
1257 1251 16
1251 1252 15
1252 1258 20
1258 1266 15
1266 1265 9
1265 1267 11
1267 1274 8
1274 1276 14
1276 1281 13
1281 1280 8
1280 1285 13
1285 1290 12
1290 1289 22
1289 1302 34
1302 1292 36
1292 1297 17
1297 1298 17
1298 1293 37
1293 1287 17
1287 1286 17
1286 1271 37
1271 1255 37
1255 1256 17
1256 1263 17
1263 1272 17
1272 1278 24
1278 1288 24
1288 1294 17
1294 1299 17
1299 1295 37
1295 1300 24
1300 1309 33
1309 1308 17
1308 1314 17
1314 1318 37
1318 1322 24
1322 1323 17
1323 1327 37
1327 1333 37
1333 1332 17
1332 1326 24
1326 1321 24
1321 1325 24
1325 1331 17
1331 1330 17
1330 1336 33
1336 1345 33
1345 1346 17
1346 1359 33
1359 1371 37
1371 1372 17
1372 1373 17
1373 1374 17
1374 1380 24
1380 1392 17
1392 1393 17
1393 1381 17
1381 1375 24
1375 1382 24
1382 1376 17
1376 1367 17
1367 1366 17
1366 1365 33
1365 1361 17
1361 1360 17
1360 1352 17
1352 1347 24
1347 1342 24
1342 1337 24
1337 1338 17
1338 1339 17
1339 1340 33
1340 1343 24
1343 1348 17
1348 1353 24
1353 1349 17
1349 1350 17
1350 1354 17
1354 1362 17
1362 1363 33
1363 1355 17
1355 1356 17
1356 1368 33
1368 1369 17
1369 1377 17
1377 1378 17
1378 1386 24
1386 1385 17
1385 1384 17
1384 1383 17
1383 1394 17
1394 1395 17
1395 1396 17
1396 1401 17
1401 1400 17
1400 1402 8
1402 1409 8
1409 1410 17
1410 1413 8
1413 1411 12
1411 1420 17
1420 1431 22
1431 1442 19
1442 1443 11
1443 1438 26
1438 1433 6
1433 1429 15
1429 1414 20
1414 1422 34
1422 1430 18
1430 1439 17
1439 1440 17
1440 1434 14
1434 1441 4
1441 1446 24
1446 1447 6
1447 1457 21
1457 1458 6
1458 1472 43
1472 1485 32
1485 1483 14
1483 1497 17
1497 1510 24
1510 1523 22
1523 1537 19
1537 1539 18
1539 1548 6
1548 1549 17
1549 1550 17
1550 1551 4
1551 1526 21
1526 1513 19
1513 1521 29
1521 1524 16
1524 1538 26
1538 1567 38
1567 1565 9
1565 1554 20
1554 1566 6
1566 1579 17
1579 1582 20
1582 1597 18
1597 1596 17
1596 1611 33
1611 1623 3
1623 1626 6
1626 1622 15
1622 1609 25
1609 1608 13
1608 1641 30
1641 1654 19
1654 1645 5
1645 1656 27
1656 1655 20
1655 1642 19
1642 1640 5
1640 1625 16
1625 1606 17
1606 1599 4
1599 1607 18
1607 1610 11
1610 1624 6
1624 1627 25
1627 1644 30
1644 1657 16
1657 1676 21
1676 1692 12
1692 1677 14
1677 1673 14
1673 1674 22
1674 1658 3
1658 1675 35
1675 1695 24
1695 1709 39
1709 1708 17
1708 1710 16
1710 1694 35
1694 1726 34
1726 1727 17
1727 1732 10
1732 1728 13
1728 1750 17
1750 1751 9
1751 1761 18
1761 1766 13
1766 1767 14
1767 1778 12
1778 1788 11
1788 1777 25
1777 1764 22
1764 1762 5
1762 1752 19
1752 1729 21
1729 1730 12
1730 1733 8
1733 1753 32
1753 1768 22
1768 1779 16
1779 1789 6
1789 1797 17
1797 1800 11
1800 1817 27
1817 1824 17
1824 1816 24
1816 1823 24
1823 1815 17
1815 1814 17
1814 1809 17
1809 1801 3
1801 1799 15
1799 1796 8
1796 1813 33
1813 1822 24
1822 1828 17
1828 1829 17
1829 1830 17
1830 1834 24
1834 1831 24
1831 1835 17
1835 1837 17
1837 1838 33
1838 1845 17
1845 1844 17
1844 1843 17
1843 1847 24
1847 1842 24
1842 1836 24
1836 1833 17
1833 1832 17
1832 1841 33
1841 1846 24
1846 1848 17
1848 1854 17
1854 1849 24
1849 1850 17
1850 1855 17
1855 1856 17
1856 1851 24
1851 1852 17
1852 1857 17
1857 1860 17
1860 1864 17
1864 1869 24
1869 1868 17
1868 1863 17
1863 1859 24
1859 1858 17
1858 1862 17
1862 1865 24
1865 1866 17
1866 1867 17
1867 1870 24
1870 1871 17
1871 1872 17
1872 1877 17
1877 1876 17
1876 1880 17
1880 1883 17
1883 1882 17
1882 1881 17
1881 1879 17
1879 1875 24
1875 1874 17
1874 1878 17
1878 1884 33
1884 1885 17
1885 1887 24
1887 1889 24
1889 1892 17
1892 1893 17
1893 1890 24
1890 1888 24
1888 1894 47
1894 1896 37
1896 1903 37
1903 1904 17
1904 1911 17
1911 1917 24
1917 1916 17
1916 1921 17
1921 1927 24
1927 1936 24
1936 1949 31
1949 1961 19
1961 1964 21
1964 1956 10
1956 1952 12
1952 1954 10
1954 1951 7
1951 1948 9
1948 1941 10
1941 1942 17
1942 1935 17
1935 1934 17
1934 1920 37
1920 1915 24
1915 1908 24
1908 1909 17
1909 1910 17
1910 1902 24
1902 1898 17
1898 1895 17
1895 1891 37
1891 1897 33
1897 1901 37
1901 1900 17
1900 1907 17
1907 1913 17
1913 1914 17
1914 1919 24
1919 1926 17
1926 1933 24
1933 1940 17
1940 1950 24
1950 1955 10
1955 1957 9
1957 1965 7
1965 1959 10
1959 1966 7
1966 1960 17
1960 1972 17
1972 1980 13
1980 1970 25
1970 1971 5
1971 1978 11
1978 1989 26
1989 1999 22
1999 2015 27
2015 2025 22
2025 2024 7
2024 2017 10
2017 2026 7
2026 2041 26
2041 2048 9
2048 2032 30
2032 2027 25
2027 2013 16
2013 2008 14
2008 2001 9
2001 2000 2
2000 2006 12
2006 1993 25
1993 1988 11
1988 1983 12
1983 1981 3
1981 1982 14
1982 1973 24
1973 1979 12
1979 1974 9
1974 1984 24
1984 1985 17
1985 1986 17
1986 1995 17
1995 1994 17
1994 2003 17
2003 2002 33
2002 2018 24
2018 2023 3
2023 2028 14
2028 2035 9
2035 2039 8
2039 2043 10
2043 2040 4
2040 2037 22
2037 2051 16
2051 2056 18
2056 2068 16
2068 2076 14
2076 2078 21
2078 2079 5
2079 2054 30
2054 2062 23
2062 2066 7
2066 2077 8
2077 2085 10
2085 2111 25
2111 2118 3
2118 2133 14
2133 2132 16
2132 2145 17
2145 2155 21
2155 2162 16
2162 2180 20
2180 2200 23
2200 2212 18
2212 2211 18
2211 2222 14
2222 2219 17
2219 2196 18
2196 2181 15
2181 2144 33
2144 2127 22
2127 2115 13
2115 2102 13
2102 2101 2
2101 2094 10
2094 2108 18
2108 2103 15
2103 2106 17
2106 2109 2
2109 2095 23
2095 2075 21
2075 2080 10
2080 2071 15
2071 2081 6
2081 2092 15
2092 2104 11
2104 2107 9
2107 2112 2
2112 2126 22
2126 2142 27
2142 2176 31
2176 2163 15
2163 2161 13
2161 2160 16
2160 2185 24
2185 2184 19
2184 2195 11
2195 2217 16
2217 2230 17
2230 2244 12
2244 2265 13
2265 2284 22
2284 2261 15
2261 2231 22
2231 2218 10
2218 2210 15
2210 2198 16
2198 2193 16
2193 2192 5
2192 2167 20
2167 2182 24
2182 2172 11
2172 2157 14
2157 2136 23
2136 2134 11
2134 2138 4
2138 2146 16
2146 2129 17
2129 2135 14
2135 2149 24
2149 2154 24
2154 2168 29
2168 2169 67
2169 2123 74
2123 2113 23
2113 2116 24
2116 2096 30
2096 2073 23
2073 2057 17
2057 2038 26
2038 2047 11
2047 2044 17
2044 2049 12
2049 2074 30
2074 2098 24
2098 2093 20
2093 2082 17
2082 2072 9
2072 2055 21
2055 2042 19
2042 2036 22
2036 2029 23
2029 2030 17
2030 2031 17
2031 2020 17
2020 2019 17
2019 2004 24
2004 1996 24
1996 1992 83
1992 2050 140
2050 2052 58
2052 2086 40
2086 2209 163
2209 2059 142
2059 2005 149
2005 2021 118
2021 2033 88
2033 1975 91
1975 1943 53
1943 1825 508
1825 1223 1063
1223 1159 1375
1159 1206 259
1206 1125 369
1125 1112 42
1112 1282 527
1282 1357 725
1357 1424 168
1424 1598 257
1598 1763 260
1763 1839 194
1839 1873 302
1873 1899 157
1899 1905 24
1905 1928 94
1928 1937 24
1937 1929 17
1929 1930 17
1930 1922 24
1922 1923 17
1923 1938 47
1938 1944 17
1944 1963 37
1963 1962 17
1962 1976 17
1976 1997 37
1997 2022 33
2022 2046 33
2046 2045 50
2045 1987 157
1987 2097 140
2097 2114 18
2114 2122 34
2122 2150 57
2150 2188 37
2188 2187 50
2187 2232 47
2232 2352 75
2352 2379 24
2379 2380 17
2380 2422 17
2422 2451 37
2451 2544 33
2544 2543 17
2543 2586 24
2586 2585 17
2585 2638 17
2638 2703 24
2703 2764 37
2764 2848 24
2848 2847 17
2847 2846 17
2846 2908 24
2908 2909 17
2909 2910 17
2910 2958 24
2958 3006 24
3006 3064 17
3064 3317 107
3317 3479 90
3479 3652 34
3652 3978 70
3978 4135 33
4135 4136 17
4136 4219 17
4219 4220 17
4220 4221 17
4221 4498 60
4498 4397 101
4397 4582 368
4582 4656 17
4656 4891 94
4891 5012 61
5012 4895 36
4895 4968 93
4968 5061 74
5061 5102 18
5102 5131 66
5131 5182 60
5182 5139 136
5139 5140 20
5140 5585 426
5585 5638 18
5638 5660 6
5660 5705 8
5705 5779 62
5779 6165 237
6165 6241 17
6241 6523 127
6523 6110 121
6110 5967 24
5967 4061 352
4061 3255 299
3255 2522 619
2522 1912 550
1912 1906 9
1906 1861 598
1861 1945 498
1945 1798 558
1798 1421 511
1421 1412 17
1412 1387 52
1387 1216 498
1216 1086 410
1086 1069 86
1069 997 256
997 942 741
942 818 472
818 743 628
743 649 728
649 642 17
642 394 724
394 173 1189
173 99 701
99 43 579
43 44 39
44 172 2000
172 164 471
164 113 511
113 122 127
122 115 33
115 108 47
108 105 24
105 97 33
97 98 33
98 85 53
85 84 50
84 90 24
90 94 24
94 96 24
96 93 24
93 89 24
89 86 17
86 83 14
83 80 17
80 79 17
79 77 33
77 76 37
76 73 71
73 72 17
72 71 17
71 69 17
69 67 17
67 65 17
65 63 17
63 62 37
62 61 17
61 58 17
58 59 17
59 56 17
56 52 29
52 51 18
51 48 47
48 46 37
46 45 17
45 42 101
42 40 24
40 41 17
41 39 24
39 38 85
38 37 105
37 36 17
36 34 118
34 35 17
35 33 17
33 32 50
32 31 53
31 30 47
30 29 24
29 27 118
27 28 69
28 26 90
26 24 75
24 25 37
25 23 37
23 22 37
22 20 85
20 21 60
21 19 33
19 18 75
18 17 134
17 15 118
15 16 53
16 7 180
7 11 47
11 5 71
5 9 75
9 3 406
3 1 414
1 0 53