0 1 0
1 683 16
683 878 0
878 877 14
877 879 0
879 920 36
920 926 7
926 277 0
277 730 12
730 729 0
729 253 12
253 924 0
924 29 22
29 69 0
69 633 0
633 630 0
630 649 0
649 923 0
923 899 25
899 418 0
418 376 0
376 410 15
410 636 11
636 652 0
652 925 0
925 918 0
918 186 0
186 190 17
190 416 16
416 177 0
177 417 0
417 237 27
237 236 0
236 392 10
392 420 33
420 419 0
419 758 0
758 626 26
626 573 29
573 572 0
572 459 26
459 442 15
442 546 16
546 101 17
101 531 26
531 509 19
509 99 9
99 932 0
932 363 7
363 933 0
933 423 0
423 424 0
424 270 0
270 288 16
288 700 26
700 624 13
624 158 0
158 602 0
602 156 0
156 884 39
884 473 13
473 481 16
481 691 11
691 693 0
693 123 10
123 268 19
268 275 19
275 202 24
202 189 9
189 368 0
368 224 11
224 859 8
859 219 7
219 201 15
201 658 23
658 70 27
70 150 23
150 67 26
67 319 26
319 320 0
320 321 0
321 533 15
533 891 0
891 252 0
252 276 0
276 325 9
325 324 0
324 256 31
256 535 0
535 295 14
295 629 0
629 279 0
279 34 38
34 903 21
903 901 0
901 149 8
149 447 10
447 737 20
737 724 0
724 731 0
731 349 10
349 193 29
193 830 16
830 834 0
834 230 7
230 231 0
231 233 0
233 90 7
90 529 28
529 328 18
328 330 0
330 738 17
738 556 32
556 464 20
464 776 18
776 493 24
493 494 0
494 492 0
492 364 0
364 242 30
242 457 11
457 695 0
695 696 0
696 205 13
205 204 0
204 203 0
203 909 24
909 869 0
869 698 10
698 371 16
371 397 12
397 251 16
251 728 5
728 733 0
733 752 35
752 281 0
281 892 0
892 259 12
259 536 0
536 751 0
751 235 15
235 169 19
169 168 0
168 498 33
498 499 0
499 238 26
238 534 20
534 953 13
953 173 0
173 5 23
5 620 26
620 616 0
616 619 0
619 618 0
618 852 16
852 818 0
818 639 25
639 956 0
956 351 0
351 171 0
171 172 0
172 93 37
93 92 0
92 84 14
84 83 0
83 541 16
541 647 10
647 644 0
644 58 18
58 54 0
54 668 12
668 88 0
88 522 0
522 467 0
467 468 0
468 482 4
482 108 31
108 109 0
109 721 12
721 821 8
821 962 0
962 82 22
82 206 0
206 223 0
223 864 9
864 888 31
888 824 0
824 825 0
825 810 23
810 958 0
958 780 0
780 893 38
893 615 8
615 957 0
957 812 12
812 889 0
889 850 31
850 317 12
317 638 0
638 318 0
318 906 12
906 640 7
640 955 0
955 787 0
787 385 0
385 384 0
384 429 24
429 214 9
214 122 9
122 121 0
121 375 8
375 584 0
584 936 31
936 412 0
412 413 10
413 361 0
361 362 0
362 265 18
265 296 0
296 57 14
57 358 0
358 483 10
483 485 0
485 607 7
607 105 0
105 336 0
336 612 8
612 669 16
669 66 23
66 566 19
566 567 0
567 798 12
798 194 6
194 521 22
521 523 0
523 545 0
545 285 21
285 421 17
421 894 13
894 347 0
347 551 17
551 451 22
451 382 17
382 819 6
819 817 0
817 469 4
469 396 11
396 345 14
345 343 0
343 961 6
961 262 19
262 14 27
14 963 21
963 786 0
786 267 5
267 801 42
801 736 23
736 554 35
554 555 0
555 137 16
137 140 0
140 272 25
272 142 9
142 248 11
248 917 22
917 897 12
897 967 0
967 79 0
79 80 19
80 77 0
77 746 16
746 543 13
543 525 0
525 13 17
13 15 0
15 30 0
30 829 17
829 827 0
827 828 0
828 968 0
968 383 16
383 971 29
971 286 0
286 505 19
505 975 8
975 550 0
550 46 23
46 688 15
688 740 0
740 689 0
689 705 0
705 704 0
704 972 0
972 97 15
97 719 17
719 969 0
969 720 0
720 723 0
723 970 9
970 739 0
739 400 15
400 195 10
195 159 0
159 902 17
902 837 22
837 896 28
896 282 0
282 538 12
538 260 0
260 586 36
586 590 0
590 585 0
585 479 16
479 477 0
477 974 20
974 609 0
609 478 0
478 135 0
135 648 40
648 973 6
973 31 0
31 32 0
32 880 37
880 406 21
406 395 36
395 458 22
458 527 26
527 409 24
409 37 20
37 480 9
480 797 10
797 501 14
501 849 12
849 21 26
21 711 8
711 712 0
712 713 0
713 78 23
78 73 0
73 348 8
348 763 18
763 240 0
240 603 0
603 153 13
153 802 16
802 843 8
843 495 0
495 662 21
662 49 28
49 441 29
441 437 7
437 118 17
118 664 20
664 677 20
677 680 0
680 48 9
48 18 11
18 23 0
23 271 9
271 162 13
162 783 28
783 666 23
666 673 0
673 671 0
671 549 39
549 512 0
512 515 0
515 670 14
670 287 19
287 611 13
611 528 0
528 959 0
959 579 19
579 578 0
578 583 0
583 744 16
744 269 13
269 334 15
334 337 0
337 333 0
333 335 0
335 450 40
450 916 21
916 402 13
402 404 0
404 228 11
228 19 15
19 20 0
20 686 12
686 715 23
715 114 22
114 833 26
833 832 0
832 831 0
831 299 26
299 344 22
344 965 0
965 342 0
342 757 20
757 439 0
439 756 0
756 196 7
196 71 20
71 474 24
474 559 13
559 622 12
622 621 0
621 433 6
433 434 0
434 820 12
820 353 7
353 355 13
355 185 10
185 717 17
717 966 0
966 716 0
716 718 9
718 294 9
294 229 30
229 900 0
900 654 0
654 964 0
964 487 5
487 184 42
184 257 33
257 72 6
72 64 25
64 65 0
65 47 22
47 43 0
43 297 16
297 215 18
215 95 26
95 96 0
96 841 25
841 839 0
839 68 30
68 766 8
766 657 0
657 769 0
769 858 20
858 350 25
350 388 4
388 283 16
283 461 0
461 41 24
41 102 0
102 42 0
42 856 10
856 557 5
557 976 0
976 370 12
370 453 17
453 314 6
314 506 25
506 200 18
200 853 22
853 871 26
871 685 18
685 52 28
52 51 0
51 151 13
151 764 30
764 62 15
62 544 24
544 63 18
63 887 21
887 883 0
883 727 33
727 726 0
726 552 22
552 873 29
873 45 38
45 952 44
952 408 0
408 708 37
708 241 33
241 374 15
374 313 25
313 591 15
591 592 0
592 807 16
807 775 0
775 734 20
734 100 34
100 164 29
164 511 24
511 594 16
594 595 11
595 593 0
593 815 20
815 316 21
316 308 0
308 946 24
946 9 0
9 7 0
7 55 12
55 326 23
326 561 45
561 300 19
300 86 11
86 356 7
356 405 17
405 516 27
516 876 37
876 597 33
597 949 0
949 885 27
885 948 16
948 6 0
6 359 0
359 148 19
148 750 22
750 301 30
301 950 0
950 794 15
794 796 0
796 755 9
755 754 0
754 435 12
435 192 21
192 912 13
912 913 0
913 514 6
514 517 18
517 2 10
2 790 15
790 789 0
789 788 0
788 795 17
795 814 18
814 813 0
813 463 12
463 462 0
462 838 16
838 50 18
50 560 22
560 221 0
221 220 0
220 605 17
605 604 0
604 645 0
645 378 21
378 379 0
379 258 35
258 280 16
280 919 19
919 3 23
3 714 15
714 767 0
767 472 19
472 703 0
703 687 0
687 401 20
401 569 17
569 106 22
106 198 18
198 440 17
440 939 2
939 886 3
886 35 12
35 125 19
125 124 0
124 12 11
12 199 13
199 147 22
147 779 45
779 694 21
694 692 0
692 690 31
690 650 21
650 741 0
741 311 7
311 911 25
911 905 35
905 628 26
628 742 14
742 674 37
674 81 6
81 183 5
183 180 0
180 181 0
181 61 13
61 36 17
36 697 23
697 207 23
207 11 0
11 8 0
8 637 0
637 676 16
676 679 0
679 806 10
806 178 13
178 176 0
176 904 4
904 146 37
146 145 0
145 941 0
941 773 20
773 854 22
854 576 19
576 641 15
641 454 0
454 785 25
785 866 20
866 870 0
870 547 12
547 855 16
855 617 23
617 244 15
244 366 0
366 898 0
898 945 12
945 445 0
445 245 5
245 338 28
338 170 12
170 166 0
166 187 24
187 372 18
372 663 30
663 665 0
665 881 14
881 571 19
571 835 20
835 197 11
197 947 24
947 851 0
851 530 4
530 681 20
681 656 11
656 411 0
411 341 25
341 684 28
684 613 23
613 646 0
646 377 23
377 104 12
104 792 28
792 119 0
119 761 14
761 762 0
762 760 0
760 596 1
596 732 27
732 642 19
642 890 9
890 977 3
977 85 0
85 89 20
89 608 22
608 60 25
60 978 0
978 610 21
610 24 0
24 488 0
488 979 0
979 489 0
489 799 31
799 444 10
444 960 0
960 414 22
414 574 31
574 327 19
327 352 0
352 329 0
329 735 24
735 490 0
490 496 22
496 428 22
428 749 0
749 249 28
249 532 0
532 491 15
491 503 0
503 273 20
273 136 3
136 588 14
588 808 18
808 778 0
778 390 21
390 322 19
322 781 18
781 675 24
675 678 0
678 470 24
470 954 0
954 25 18
25 660 13
660 659 0
659 56 12
56 274 22
274 250 0
250 144 3
144 568 6
568 844 5
844 768 0
768 33 11
33 868 4
868 753 9
753 634 20
634 407 24
407 163 14
163 165 0
165 635 16
635 403 0
403 937 0
937 842 21
842 625 40
625 935 0
935 562 8
562 563 0
563 558 0
558 823 22
823 804 0
804 826 0
826 803 0
803 598 30
598 777 8
777 438 14
438 934 0
934 436 0
436 791 7
791 76 22
76 75 0
75 811 19
811 907 24
907 502 13
502 354 11
354 446 17
446 339 11
339 427 30
427 793 11
793 631 33
631 17 0
17 22 0
22 931 7
931 800 0
800 448 18
448 263 28
263 188 18
188 167 0
167 367 21
367 915 0
915 570 11
570 157 18
157 452 20
452 126 7
126 191 15
191 774 27
774 702 17
702 113 24
113 115 0
115 111 0
111 134 25
134 426 13
426 430 0
430 587 15
587 582 19
582 581 0
581 575 0
575 243 19
243 455 15
455 771 0
771 772 6
772 456 0
456 497 29
497 357 35
357 862 31
862 94 25
94 332 28
332 770 18
770 930 0
930 432 29
432 38 7
38 599 20
599 500 17
500 399 11
399 381 0
381 380 0
380 232 6
232 553 0
553 759 6
759 40 18
40 816 6
816 513 26
513 653 6
653 940 10
940 910 0
910 465 22
465 601 17
601 542 7
542 216 10
216 292 10
292 443 10
443 722 12
722 293 7
293 39 0
39 53 0
53 16 0
16 701 7
701 393 13
393 415 0
415 174 14
174 112 6
112 116 0
116 303 15
303 882 20
882 872 8
872 518 15
518 59 7
59 526 11
526 524 0
524 98 20
98 304 7
304 302 0
302 822 12
822 519 5
519 386 8
386 387 0
387 475 11
475 307 15
307 217 18
217 218 0
218 391 13
391 120 1
120 141 0
141 805 17
805 365 0
365 577 18
577 133 26
133 210 32
210 209 0
209 309 23
309 331 0
331 175 11
175 863 2
863 865 15
865 315 10
315 226 8
226 234 0
234 225 0
225 661 11
661 422 21
422 745 0
745 951 23
951 4 0
4 129 4
129 264 19
264 255 26
255 908 23
908 132 16
132 765 25
765 323 0
323 27 16
27 632 0
632 623 16
623 360 23
360 836 23
836 699 18
699 471 16
471 809 22
809 914 18
914 127 1
127 28 17
28 431 13
431 306 8
306 589 16
589 460 30
460 580 19
580 682 13
682 261 23
261 213 8
213 212 0
212 486 6
486 484 0
484 117 10
117 943 21
943 504 0
504 508 0
508 643 21
643 564 0
564 565 0
565 627 10
627 847 16
847 846 0
846 845 0
845 651 0
651 155 4
155 10 15
10 289 0
289 291 7
291 942 0
942 284 34
284 944 20
944 298 0
298 74 11
74 128 12
128 246 4
246 130 13
130 346 11
346 247 11
247 305 12
305 340 14
340 748 24
748 91 21
91 540 18
540 44 11
44 606 27
606 539 8
539 369 20
369 520 19
520 747 29
747 425 0
425 179 7
179 848 12
848 840 0
840 874 10
874 875 0
875 239 16
239 389 11
389 857 21
857 782 29
782 938 8
938 709 11
709 710 0
710 466 10
466 922 0
922 784 21
784 87 32
87 160 18
160 161 0
161 449 29
449 143 32
143 667 34
667 672 0
672 706 32
706 310 24
310 312 0
312 614 23
614 707 20
707 26 9
26 103 9
103 222 0
222 867 17
867 266 21
266 476 12
476 655 14
655 921 14
921 398 38
398 138 12
138 929 0
929 139 0
139 182 24
182 208 29
208 927 0
927 211 0
211 227 16
227 394 22
394 928 17
928 861 0
861 860 0
860 725 13
725 107 18
107 131 11
131 743 21
743 600 15
600 510 22
510 254 37
254 537 0
537 895 10
895 278 0
278 373 23
373 507 0
507 548 0
548 290 0
290 152 19
152 154 0
154 110 25
110 0 0