0 15 393
15 173 380
173 172 37
172 171 33
171 183 320
183 179 306
179 186 342
186 191 157
191 192 75
192 207 556
207 193 643
193 188 151
188 187 37
187 180 269
180 184 203
184 182 37
182 177 118
177 175 206
175 176 17
176 185 294
185 189 290
189 196 367
196 211 660
211 204 686
204 206 234
206 200 407
200 205 239
205 210 378
210 213 380
213 216 540
216 221 907
221 223 459
223 220 378
220 226 412
226 240 186
240 244 321
244 260 331
260 262 105
262 287 1206
287 423 1037
423 436 142
436 341 276
341 396 246
396 410 47
410 415 24
415 414 67
414 419 17
419 428 60
428 502 184
502 510 17
510 518 24
518 526 17
526 527 17
527 511 47
511 534 53
534 561 37
561 622 82
622 654 26
654 655 19
655 663 4
663 688 20
688 719 33
719 735 35
735 765 22
765 764 3
764 790 23
790 805 21
805 786 9
786 780 5
780 766 26
766 757 7
757 763 9
763 815 44
815 819 4
819 833 13
833 808 20
808 800 25
800 779 22
779 840 45
840 843 5
843 851 19
851 848 39
848 895 41
895 920 32
920 926 59
926 932 12
932 936 5
936 979 29
979 969 53
969 956 7
956 955 5
955 960 11
960 964 5
964 993 31
993 1015 67
1015 1019 22
1019 1034 22
1034 1036 3
1036 1046 8
1046 1063 10
1063 1108 39
1108 1114 30
1114 1174 42
1174 1145 25
1145 1152 9
1152 1157 6
1157 1143 8
1143 1132 7
1132 1120 8
1120 1116 8
1116 1099 22
1099 1119 14
1119 1126 33
1126 1133 10
1133 1171 29
1171 1172 6
1172 1195 48
1195 1248 54
1248 1241 84
1241 1256 36
1256 1249 10
1249 1240 12
1240 1223 26
1223 1206 25
1206 1180 44
1180 1166 17
1166 1148 17
1148 1098 35
1098 1091 10
1091 1081 8
1081 1076 3
1076 1053 25
1053 1050 4
1050 1049 7
1049 1041 5
1041 1066 15
1066 1083 72
1083 1200 96
1200 1246 55
1246 1231 13
1231 1211 20
1211 1173 50
1173 1168 19
1168 1150 21
1150 1159 26
1159 1156 9
1156 1151 3
1151 1144 3
1144 1141 4
1141 1142 3
1142 1131 5
1131 1118 13
1118 1110 5
1110 1100 7
1100 1094 16
1094 1074 17
1074 1047 24
1047 1022 22
1022 1007 26
1007 975 34
975 942 22
942 923 18
923 903 22
903 896 24
896 865 24
865 858 6
858 836 14
836 855 12
855 859 10
859 862 1
862 854 9
854 857 12
857 872 18
872 889 18
889 906 14
906 898 15
898 910 12
910 919 7
919 918 11
918 916 58
916 888 29
888 818 44
818 812 9
812 782 20
782 752 27
752 684 66
684 567 83
567 548 37
548 547 17
547 584 59
584 612 22
612 638 13
638 650 26
650 694 45
694 683 20
683 629 37
629 617 34
617 602 20
602 615 11
615 633 19
633 706 54
706 732 26
732 730 30
730 653 94
653 775 126
775 774 34
774 834 44
834 931 82
931 934 29
934 902 150
902 928 54
928 943 42
943 974 36
974 981 13
981 951 15
951 941 72
941 930 14
930 922 13
922 905 24
905 890 16
890 880 14
880 829 38
829 788 51
788 746 37
746 745 15
745 811 50
811 842 22
842 856 33
856 861 12
861 868 16
868 999 120
999 1014 43
1014 992 54
992 1068 91
1068 1080 16
1080 1088 32
1088 1106 18
1106 1112 8
1112 1121 9
1121 1122 3
1122 1129 12
1129 1232 104
1232 1239 13
1239 1253 18
1253 1244 19
1244 1226 25
1226 1214 14
1214 1220 14
1220 1237 35
1237 1233 4
1233 1230 3
1230 1227 11
1227 1196 85
1196 1193 14
1193 1189 19
1189 1202 24
1202 1190 24
1190 1221 47
1221 1251 32
1251 1262 23
1262 1293 65
1293 1298 45
1298 1312 79
1312 1313 6
1313 1309 35
1309 1314 93
1314 1320 24
1320 1325 13
1325 1327 4
1327 1362 64
1362 1363 15
1363 1281 281
1281 1277 12
1277 1276 28
1276 1345 439
1345 1350 23
1350 1359 31
1359 1508 335
1508 1516 27
1516 1524 16
1524 1518 15
1518 1517 10
1517 1528 142
1528 1585 175
1585 1598 28
1598 1610 48
1610 1615 112
1615 1613 64
1613 1608 20
1608 1612 21
1612 1611 9
1611 1616 15
1616 1642 191
1642 1650 53
1650 1633 51
1633 1635 37
1635 1621 107
1621 1617 47
1617 1625 53
1625 1624 17
1624 1636 60
1636 1645 37
1645 1644 17
1644 1651 17
1651 1659 37
1659 1669 37
1669 1673 17
1673 1687 53
1687 1691 24
1691 1692 4
1692 1695 47
1695 1683 129
1683 1688 12
1688 1686 16
1686 1711 104
1711 1724 68
1724 1736 76
1736 1739 61
1739 1735 35
1735 1733 48
1733 1734 4
1734 1732 6
1732 1730 9
1730 1726 28
1726 1722 34
1722 1714 61
1714 1709 47
1709 1719 46
1719 1707 55
1707 1706 9
1706 1698 45
1698 1697 33
1697 1693 15
1693 1678 50
1678 1677 19
1677 1665 79
1665 1696 125
1696 1718 141
1718 1737 152
1737 1752 856
1752 1753 6
1753 1754 4
1754 1755 13
1755 1756 4
1756 1759 10
1759 1760 18
1760 1761 5
1761 1762 13
1762 1764 13
1764 1765 27
1765 1767 27
1767 1768 20
1768 1770 48
1770 1772 26
1772 1777 10
1777 1780 7
1780 1784 10
1784 1779 50
1779 1773 10
1773 1774 19
1774 1785 25
1785 1783 13
1783 1778 29
1778 1782 13
1782 1786 19
1786 1788 8
1788 1795 34
1795 1801 36
1801 1796 49
1796 1802 28
1802 1803 6
1803 1805 22
1805 1807 38
1807 1813 74
1813 1816 2
1816 1815 11
1815 1820 9
1820 1824 16
1824 1829 13
1829 1835 14
1835 1842 25
1842 1845 20
1845 1848 10
1848 1853 9
1853 1863 9
1863 1866 2
1866 1869 5
1869 1870 7
1870 1864 4
1864 1854 8
1854 1850 5
1850 1852 3
1852 1846 17
1846 1849 9
1849 1865 19
1865 1872 5
1872 1877 8
1877 1881 16
1881 1867 10
1867 1873 15
1873 1871 4
1871 1876 9
1876 1860 28
1860 1875 11
1875 1888 23
1888 1902 26
1902 1901 9
1901 1900 1
1900 1896 1
1896 1905 15
1905 1911 13
1911 1923 18
1923 1928 10
1928 1930 11
1930 1924 10
1924 1925 2
1925 1916 13
1916 1899 28
1899 1903 11
1903 1904 6
1904 1898 7
1898 1894 4
1894 1895 4
1895 1891 6
1891 1890 1
1890 1887 6
1887 1883 31
1883 1885 7
1885 1880 5
1880 1879 4
1879 1847 46
1847 1886 42
1886 1893 17
1893 1906 27
1906 1920 26
1920 1926 14
1926 1953 45
1953 1958 24
1958 1956 10
1956 1952 19
1952 1951 7
1951 1947 8
1947 1940 12
1940 1939 20
1939 1944 15
1944 1949 20
1949 1945 14
1945 1943 6
1943 1937 7
1937 1934 22
1934 1922 29
1922 1927 9
1927 1932 5
1932 1929 7
1929 1931 13
1931 1918 20
1918 1914 17
1914 1909 10
1909 1912 7
1912 1907 12
1907 1908 5
1908 1910 15
1910 1913 22
1913 1917 9
1917 1921 9
1921 1933 24
1933 1935 11
1935 1938 32
1938 1946 17
1946 1955 39
1955 1959 30
1959 1962 35
1962 1961 18
1961 1963 7
1963 1965 24
1965 1966 14
1966 1970 30
1970 1975 25
1975 1978 39
1978 1977 35
1977 1976 32
1976 1974 92
1974 1973 51
1973 1972 9
1972 1969 23
1969 1971 5
1971 1968 18
1968 1967 26
1967 1964 23
1964 1960 20
1960 1957 29
1957 1950 25
1950 1936 20
1936 1941 19
1941 1948 10
1948 1954 23
1954 1942 27
1942 1919 50
1919 1915 20
1915 1859 73
1859 1857 28
1857 1868 14
1868 1862 21
1862 1874 16
1874 1851 27
1851 1856 5
1856 1861 6
1861 1858 6
1858 1878 15
1878 1884 8
1884 1889 14
1889 1897 23
1897 1892 5
1892 1882 24
1882 1855 25
1855 1843 25
1843 1837 18
1837 1828 23
1828 1840 23
1840 1833 26
1833 1844 22
1844 1836 28
1836 1825 19
1825 1822 6
1822 1818 20
1818 1812 26
1812 1814 8
1814 1811 63
1811 1834 68
1834 1830 17
1830 1826 10
1826 1823 9
1823 1832 12
1832 1841 18
1841 1839 12
1839 1838 3
1838 1831 15
1831 1827 7
1827 1821 9
1821 1819 10
1819 1817 14
1817 1810 45
1810 1809 29
1809 1808 12
1808 1806 19
1806 1804 76
1804 1800 42
1800 1799 6
1799 1798 5
1798 1793 32
1793 1794 16
1794 1797 43
1797 1792 35
1792 1790 21
1790 1791 7
1791 1789 7
1789 1787 43
1787 1781 35
1781 1771 31
1771 1776 43
1776 1775 6
1775 1769 31
1769 1766 44
1766 1763 28
1763 1758 18
1758 1757 6
1757 1751 20
1751 1750 26
1750 1749 12
1749 1748 654
1748 1747 48
1747 1746 89
1746 1744 46
1744 1745 83
1745 1743 26
1743 1742 19
1742 1741 23
1741 1740 18
1740 1738 15
1738 1731 44
1731 1729 11
1729 1728 7
1728 1727 21
1727 1725 11
1725 1723 22
1723 1720 32
1720 1716 12
1716 1721 17
1721 1717 14
1717 1715 4
1715 1713 16
1713 1712 8
1712 1710 4
1710 1708 10
1708 1705 19
1705 1704 8
1704 1703 11
1703 1702 5
1702 1701 10
1701 1699 7
1699 1694 28
1694 1690 10
1690 1689 4
1689 1682 19
1682 1685 32
1685 1676 33
1676 1675 11
1675 1674 4
1674 1672 15
1672 1671 13
1671 1667 42
1667 1680 124
1680 1679 13
1679 1684 48
1684 1700 59
1700 1681 73
1681 1670 54
1670 1666 53
1666 1646 75
1646 1637 17
1637 1638 17
1638 1639 17
1639 1631 24
1631 1640 53
1640 1627 103
1627 1652 95
1652 1655 16
1655 1658 31
1658 1664 28
1664 1661 17
1661 1663 9
1663 1668 13
1668 1662 25
1662 1660 8
1660 1657 18
1657 1656 10
1656 1654 2
1654 1653 6
1653 1649 38
1649 1647 20
1647 1648 35
1648 1634 32
1634 1643 23
1643 1641 10
1641 1632 18
1632 1630 10
1630 1629 8
1629 1628 8
1628 1626 21
1626 1623 3
1623 1622 11
1622 1620 27
1620 1619 15
1619 1609 37
1609 1607 12
1607 1601 20
1601 1604 8
1604 1606 17
1606 1605 5
1605 1599 17
1599 1600 12
1600 1597 25
1597 1592 10
1592 1591 5
1591 1590 16
1590 1586 14
1586 1583 5
1583 1584 24
1584 1582 4
1582 1580 8
1580 1581 7
1581 1579 8
1579 1574 20
1574 1573 32
1573 1578 45
1578 1587 33
1587 1569 65
1569 1556 49
1556 1547 27
1547 1536 43
1536 1533 14
1533 1534 45
1534 1527 49
1527 1548 101
1548 1532 72
1532 1522 26
1522 1521 4
1521 1525 6
1525 1539 34
1539 1562 67
1562 1567 24
1567 1566 17
1566 1555 37
1555 1554 33
1554 1565 47
1565 1577 53
1577 1576 17
1576 1575 17
1575 1596 71
1596 1603 17
1603 1618 53
1618 1614 53
1614 1602 37
1602 1589 37
1589 1588 17
1588 1595 37
1595 1594 17
1594 1593 17
1593 1572 69
1572 1571 17
1571 1564 90
1564 1560 17
1560 1542 53
1542 1543 50
1543 1544 17
1544 1549 17
1549 1545 53
1545 1561 60
1561 1538 67
1538 1529 17
1529 1501 69
1501 1493 9
1493 1498 40
1498 1435 86
1435 1500 180
1500 1497 45
1497 1507 17
1507 1520 42
1520 1510 40
1510 1503 29
1503 1495 11
1495 1494 9
1494 1482 17
1482 1477 9
1477 1460 27
1460 1459 6
1459 1453 17
1453 1445 25
1445 1431 16
1431 1415 57
1415 1458 59
1458 1467 12
1467 1471 26
1471 1479 79
1479 1491 35
1491 1499 12
1499 1504 16
1504 1489 21
1489 1474 23
1474 1468 31
1468 1443 35
1443 1433 15
1433 1416 49
1416 1413 7
1413 1423 23
1423 1451 32
1451 1437 43
1437 1464 47
1464 1485 37
1485 1492 28
1492 1484 20
1484 1487 16
1487 1490 27
1490 1469 38
1469 1432 66
1432 1411 36
1411 1405 10
1405 1391 51
1391 1400 25
1400 1364 41
1364 1370 11
1370 1376 11
1376 1373 9
1373 1377 12
1377 1378 19
1378 1386 14
1386 1389 21
1389 1330 121
1330 1318 38
1318 1322 11
1322 1305 103
1305 1261 63
1261 1225 64
1225 1161 79
1161 1154 8
1154 1096 42
1096 1101 7
1101 1086 92
1086 1103 22
1103 1089 24
1089 1078 22
1078 1124 33
1124 1153 19
1153 1187 47
1187 1234 72
1234 1301 87
1301 1302 6
1302 1323 71
1323 1331 14
1331 1352 35
1352 1368 29
1368 1372 17
1372 1375 54
1375 1398 34
1398 1457 88
1457 1412 96
1412 1361 61
1361 1365 39
1365 1349 41
1349 1343 5
1343 1344 5
1344 1342 11
1342 1333 23
1333 1319 21
1319 1311 32
1311 1292 46
1292 1295 15
1295 1286 11
1286 1203 108
1203 1162 52
1162 1125 24
1125 1069 47
1069 1065 27
1065 1039 19
1039 1033 9
1033 1044 38
1044 1037 7
1037 1025 33
1025 1028 12
1028 1052 30
1052 1056 3
1056 1062 14
1062 1035 24
1035 1040 8
1040 1054 14
1054 1043 6
1043 1011 39
1011 1005 18
1005 995 10
995 984 10
984 947 29
947 901 56
901 869 28
869 870 15
870 877 8
877 860 10
860 844 26
844 803 29
803 794 3
794 755 37
755 726 86
726 733 8
733 777 74
777 846 46
846 876 26
876 953 76
953 982 64
982 1058 86
1058 1059 27
1059 1048 7
1048 1038 10
1038 1032 23
1032 1067 25
1067 1071 10
1071 1090 19
1090 1087 13
1087 1085 21
1085 1072 18
1072 1093 19
1093 1111 15
1111 1123 10
1123 1138 30
1138 1104 44
1104 1134 25
1134 1163 23
1163 1181 23
1181 1184 8
1184 1185 101
1185 1170 10
1170 1164 51
1164 1165 4
1165 1192 34
1192 1215 26
1215 1205 36
1205 1236 33
1236 1245 5
1245 1229 20
1229 1252 36
1252 1257 27
1257 1260 7
1260 1269 34
1269 1279 17
1279 1289 17
1289 1307 60
1307 1304 27
1304 1310 39
1310 1278 50
1278 1303 34
1303 1306 30
1306 1316 36
1316 1328 49
1328 1347 23
1347 1355 19
1355 1367 31
1367 1390 26
1390 1392 4
1392 1399 74
1399 1369 29
1369 1387 38
1387 1404 20
1404 1409 19
1409 1417 26
1417 1429 29
1429 1488 110
1488 1531 97
1531 1558 77
1558 1570 51
1570 1568 17
1568 1563 31
1563 1559 18
1559 1557 8
1557 1553 20
1553 1552 8
1552 1551 5
1551 1550 5
1550 1546 27
1546 1541 21
1541 1537 12
1537 1535 9
1535 1540 15
1540 1530 14
1530 1523 19
1523 1514 17
1514 1513 4
1513 1515 7
1515 1526 25
1526 1519 15
1519 1511 22
1511 1505 21
1505 1512 21
1512 1509 26
1509 1506 12
1506 1496 18
1496 1502 15
1502 1486 37
1486 1472 29
1472 1483 16
1483 1481 4
1481 1480 2
1480 1462 27
1462 1478 19
1478 1476 4
1476 1475 7
1475 1473 5
1473 1470 19
1470 1465 7
1465 1466 17
1466 1463 19
1463 1461 5
1461 1448 21
1448 1422 34
1422 1427 4
1427 1439 17
1439 1442 5
1442 1452 7
1452 1456 11
1456 1455 12
1455 1447 10
1447 1444 9
1444 1454 13
1454 1449 6
1449 1450 9
1450 1446 8
1446 1438 15
1438 1434 19
1434 1407 45
1407 1419 27
1419 1430 21
1430 1441 14
1441 1440 7
1440 1436 6
1436 1428 18
1428 1421 6
1421 1424 24
1424 1425 17
1425 1426 9
1426 1418 13
1418 1420 24
1420 1414 16
1414 1406 15
1406 1408 14
1408 1402 9
1402 1403 7
1403 1394 23
1394 1397 16
1397 1410 21
1410 1374 42
1374 1360 22
1360 1337 58
1337 1358 41
1358 1383 27
1383 1401 36
1401 1396 17
1396 1395 8
1395 1393 4
1393 1388 19
1388 1381 9
1381 1384 6
1384 1385 6
1385 1380 8
1380 1371 9
1371 1366 6
1366 1382 28
1382 1356 32
1356 1357 54
1357 1379 42
1379 1353 39
1353 1351 8
1351 1346 18
1346 1341 23
1341 1339 20
1339 1340 32
1340 1354 21
1354 1348 27
1348 1338 32
1338 1336 19
1336 1308 55
1308 1334 64
1334 1321 54
1321 1335 36
1335 1329 22
1329 1326 2
1326 1332 34
1332 1324 38
1324 1315 39
1315 1317 41
1317 1299 81
1299 1284 19
1284 1250 51
1250 1254 127
1254 1224 71
1224 1209 14
1209 1176 42
1176 1109 47
1109 1128 15
1128 1140 11
1140 1149 43
1149 1158 10
1158 1146 22
1146 1139 4
1139 1136 7
1136 1147 8
1147 1169 32
1169 1175 20
1175 1198 28
1198 1212 18
1212 1219 11
1219 1204 19
1204 1216 35
1216 1213 7
1213 1217 2
1217 1222 13
1222 1228 7
1228 1235 8
1235 1243 6
1243 1272 59
1272 1264 31
1264 1280 56
1280 1273 45
1273 1270 15
1270 1207 78
1207 1186 29
1186 1208 30
1208 1218 13
1218 1259 53
1259 1265 15
1265 1263 11
1263 1274 16
1274 1271 22
1271 1285 15
1285 1296 20
1296 1297 18
1297 1294 11
1294 1300 15
1300 1282 20
1282 1287 4
1287 1288 1
1288 1290 12
1290 1291 11
1291 1283 7
1283 1275 10
1275 1268 8
1268 1266 5
1266 1255 27
1255 1247 18
1247 1242 16
1242 1210 33
1210 1197 26
1197 1160 46
1160 1201 50
1201 1191 35
1191 1107 82
1107 1051 52
1051 1013 50
1013 996 36
996 991 10
991 927 42
927 924 8
924 909 33
909 904 7
904 891 25
891 907 47
907 883 21
883 879 15
879 832 36
832 863 20
863 915 63
915 939 32
939 957 13
957 1001 29
1001 1003 14
1003 1006 5
1006 1008 9
1008 1018 17
1018 1024 63
1024 1127 97
1127 1105 26
1105 1097 11
1097 1060 44
1060 1064 7
1064 1030 24
1030 1020 20
1020 1010 29
1010 946 55
946 892 49
892 893 25
893 912 38
912 897 14
897 873 22
873 847 16
847 826 23
826 814 23
814 796 13
796 636 113
636 634 4
634 630 4
630 607 14
607 596 10
596 600 15
600 604 3
604 594 31
594 598 6
598 599 27
599 583 15
583 652 47
652 575 60
575 570 6
570 554 56
554 541 24
541 532 24
532 491 81
491 508 110
508 506 5
506 481 131
481 501 117
501 563 131
563 580 32
580 592 16
592 603 5
603 610 6
610 637 20
637 628 9
628 591 50
591 582 9
582 601 11
601 616 20
616 648 44
648 644 6
644 659 9
659 666 6
666 674 5
674 667 10
667 695 18
695 753 47
753 783 31
783 767 43
767 776 69
776 853 51
853 885 20
885 887 9
887 881 6
881 908 26
908 914 19
914 925 9
925 917 16
917 913 8
913 894 16
894 822 58
822 830 13
830 835 13
835 823 12
823 817 6
817 804 12
804 785 11
785 793 6
793 795 10
795 651 117
651 568 88
568 558 33
558 524 54
524 498 54
498 497 20
497 516 47
516 479 97
479 483 8
483 484 16
484 480 11
480 477 4
477 478 2
478 476 7
476 468 27
468 463 12
463 461 6
461 459 7
459 449 21
449 464 47
464 470 7
470 460 55
460 458 19
458 457 2
457 437 50
437 433 23
433 392 136
392 388 14
388 384 14
384 370 25
370 373 11
373 366 9
366 359 15
359 357 8
357 345 38
345 337 32
337 334 21
334 318 67
318 317 27
317 314 72
314 319 22
319 313 76
313 315 9
315 320 41
320 330 25
330 323 21
323 322 25
322 339 69
339 348 27
348 354 35
354 346 48
346 362 39
362 374 41
374 383 21
383 386 21
386 412 78
412 407 39
407 408 9
408 409 11
409 406 16
406 405 4
405 397 23
397 404 22
404 418 41
418 411 45
411 424 55
424 400 97
400 390 36
390 389 9
389 367 46
367 356 32
356 352 28
352 358 22
358 379 37
379 380 11
380 375 16
375 371 7
371 372 14
372 364 75
364 338 121
338 335 48
335 350 56
350 329 84
329 326 11
326 306 145
306 303 70
303 305 111
305 300 109
300 294 66
294 292 11
292 288 45
288 298 88
298 295 48
295 290 24
290 284 65
284 278 46
278 276 190
276 282 198
282 283 13
283 280 36
280 281 6
281 285 50
285 293 88
293 291 8
291 289 22
289 277 108
277 279 32
279 286 79
286 297 93
297 301 32
301 304 51
304 302 27
302 296 89
296 312 399
312 327 66
327 331 14
331 332 6
332 325 17
325 324 17
324 342 78
342 385 128
385 369 130
369 361 21
361 360 20
360 382 37
382 391 32
391 403 21
403 435 101
435 448 37
448 439 17
439 438 5
438 434 22
434 431 9
431 402 137
402 401 17
401 420 53
420 421 17
421 422 15
422 425 24
425 426 20
426 429 8
429 432 19
432 440 47
440 499 155
499 556 104
556 560 9
560 557 38
557 545 14
545 546 14
546 552 15
552 539 17
539 540 17
540 553 17
553 579 50
579 585 40
585 595 30
595 645 63
645 661 9
661 682 15
682 691 9
691 690 13
690 699 8
699 714 22
714 717 9
717 705 18
705 709 4
709 708 37
708 721 16
721 687 24
687 738 56
738 731 13
731 729 5
729 720 38
720 698 16
698 696 46
696 702 3
702 716 17
716 722 7
722 759 28
759 791 29
791 874 100
874 886 6
886 911 23
911 948 35
948 1004 35
1004 997 8
997 959 26
959 852 113
852 882 26
882 900 22
900 899 11
899 878 20
878 875 3
875 866 6
866 837 17
837 850 9
850 871 14
871 935 62
935 954 25
954 971 9
971 989 16
989 978 33
978 965 9
965 962 11
962 967 5
967 976 8
976 994 9
994 990 3
990 977 6
977 973 4
973 986 5
986 988 3
988 987 3
987 983 2
983 985 2
985 970 7
970 980 7
980 972 3
972 968 6
968 963 4
963 958 3
958 966 4
966 961 3
961 950 4
950 952 4
952 949 3
949 945 5
945 944 4
944 940 7
940 929 49
929 938 8
938 998 42
998 1000 11
1000 1026 51
1026 1012 49
1012 1016 22
1016 1017 9
1017 1021 11
1021 1029 40
1029 1042 17
1042 1023 19
1023 1009 31
1009 1002 32
1002 1027 48
1027 1061 26
1061 1070 14
1070 1075 8
1075 1077 6
1077 1082 11
1082 1095 20
1095 1115 15
1115 1102 14
1102 1079 25
1079 1073 11
1073 1092 14
1092 1113 18
1113 1130 17
1130 1137 11
1137 1155 12
1155 1177 21
1177 1167 21
1167 1179 41
1179 1183 4
1183 1238 61
1238 1258 27
1258 1267 44
1267 1182 111
1182 1194 34
1194 1178 19
1178 1135 44
1135 1199 71
1199 1188 21
1188 1117 58
1117 1084 27
1084 1057 50
1057 1055 64
1055 1045 8
1045 1031 19
1031 937 89
937 933 5
933 921 134
921 820 73
820 821 42
821 841 13
841 824 14
824 839 8
839 864 24
864 810 51
810 792 8
792 798 7
798 799 6
799 801 8
801 809 6
809 802 6
802 789 18
789 778 18
778 772 14
772 747 23
747 740 9
740 728 10
728 710 28
710 632 49
632 658 33
658 635 15
635 618 31
618 619 4
619 678 33
678 700 12
700 701 4
701 693 3
693 689 3
689 680 6
680 664 11
664 643 14
643 642 11
642 646 4
646 656 20
656 665 4
665 670 5
670 704 29
704 724 25
724 749 21
749 754 12
754 761 12
761 768 6
768 751 17
751 744 7
744 727 12
727 723 10
723 707 15
707 715 4
715 750 38
750 807 50
807 806 10
806 813 8
813 816 4
816 825 10
825 831 2
831 838 8
838 867 18
867 884 27
884 828 36
828 827 14
827 849 14
849 797 36
797 770 20
770 739 27
739 742 25
742 712 24
712 676 31
676 606 46
606 587 39
587 572 77
572 571 14
571 549 60
549 535 37
535 528 24
528 519 17
519 520 67
520 529 53
529 550 37
550 536 24
536 530 24
530 521 17
521 512 53
512 493 47
493 503 24
503 522 33
522 523 17
523 551 50
551 562 21
562 564 76
564 576 36
576 590 19
590 608 15
608 620 11
620 627 5
627 625 4
625 640 7
640 639 4
639 623 17
623 631 15
631 613 10
613 647 20
647 672 20
672 675 6
675 669 6
669 662 6
662 677 19
677 679 3
679 725 31
725 737 18
737 734 7
734 743 4
743 760 12
760 762 4
762 741 21
741 758 24
758 756 40
756 697 43
697 685 15
685 692 5
692 703 4
703 713 10
713 736 23
736 748 10
748 769 17
769 773 10
773 781 20
781 787 5
787 845 37
845 784 54
784 771 20
771 711 50
711 686 16
686 641 32
641 657 13
657 649 13
649 626 13
626 621 4
621 614 7
614 609 6
609 593 11
593 597 27
597 681 71
681 668 10
668 624 39
624 605 20
605 589 10
589 569 62
569 611 42
611 671 45
671 660 50
660 718 72
718 673 34
673 586 64
586 574 23
574 565 17
565 581 58
581 588 36
588 555 60
555 542 16
542 538 5
538 533 23
533 544 19
544 543 16
543 495 100
495 490 12
490 485 51
485 482 10
482 475 19
475 474 6
474 462 30
462 427 95
427 398 91
398 393 16
393 387 47
387 377 31
377 368 9
368 355 24
355 381 58
381 376 15
376 353 31
353 351 15
351 343 25
343 347 38
347 349 11
349 310 150
310 299 275
299 307 134
307 308 72
308 309 48
309 316 38
316 321 20
321 328 19
328 333 56
333 336 51
336 340 27
340 344 10
344 363 50
363 365 24
365 378 19
378 395 46
395 399 13
399 394 36
394 413 44
413 417 11
417 416 50
416 430 55
430 447 50
447 450 11
450 467 26
467 471 8
471 469 28
469 488 66
488 496 50
496 505 14
505 500 7
500 507 26
507 509 32
509 513 6
513 517 9
517 514 7
514 515 19
515 525 40
525 559 48
559 566 22
566 578 16
578 573 20
573 577 11
577 537 89
537 531 24
531 504 53
504 494 24
494 487 47
487 456 134
456 446 17
446 455 37
455 454 17
454 445 53
445 473 50
473 466 37
466 453 53
453 444 17
444 443 33
443 452 37
452 465 24
465 472 53
472 492 67
492 489 24
489 486 53
486 451 75
451 441 53
441 442 33
442 311 384
311 272 906
272 264 790
264 263 259
263 259 201
259 254 134
254 255 317
255 247 587
247 265 684
265 266 337
266 269 246
269 270 203
270 273 284
273 274 37
274 275 101
275 271 716
271 268 277
268 267 224
267 261 293
261 258 235
258 257 15
257 253 62
253 252 4
252 251 51
251 248 41
248 245 14
245 243 26
243 242 7
242 238 71
238 239 11
239 249 101
249 250 25
250 246 20
246 241 45
241 237 43
237 235 5
235 234 32
234 231 37
231 232 17
232 230 40
230 233 32
233 229 22
229 228 47
228 224 127
224 227 112
227 225 71
225 256 537
256 236 212
236 222 523
222 219 217
219 218 47
218 217 151
217 215 917
215 214 112
214 212 519
212 208 201
208 203 212
203 201 127
201 199 85
199 197 60
197 194 212
194 209 619
209 202 201
202 198 380
198 195 174
195 190 134
190 178 555
178 174 90
174 53 314
53 27 71
27 10 379
10 34 104
34 37 12
37 29 29
29 46 32
46 54 17
54 43 20
43 33 45
33 42 37
42 49 9
49 58 23
58 70 17
70 77 28
77 92 9
92 108 26
108 81 15
81 72 8
72 66 16
66 107 37
107 127 43
127 150 27
150 163 80
163 181 261
181 169 235
169 160 62
160 136 29
136 126 16
126 112 18
112 104 16
104 91 9
91 78 8
78 60 18
60 69 22
69 74 4
74 75 5
75 59 16
59 38 28
38 41 30
41 35 12
35 19 41
19 24 20
24 22 28
22 40 53
40 44 10
44 48 3
48 50 4
50 51 12
51 61 19
61 73 14
73 79 16
79 96 7
96 99 17
99 114 20
114 138 29
138 144 5
144 152 11
152 143 19
143 137 8
137 155 20
155 149 13
149 139 11
139 135 5
135 121 25
121 117 2
117 106 34
106 93 12
93 68 24
68 52 21
52 56 10
56 113 43
113 120 5
120 119 9
119 151 42
151 168 90
168 156 64
156 148 28
148 147 26
147 157 20
157 154 7
154 146 7
146 134 12
134 141 24
141 124 36
124 128 9
128 133 6
133 140 8
140 158 19
158 162 42
162 167 19
167 166 15
166 161 17
161 165 37
165 170 60
170 164 50
164 159 37
159 153 11
153 130 24
130 116 33
116 118 1
118 122 22
122 123 6
123 102 17
102 109 14
109 100 11
100 97 11
97 101 6
101 98 4
98 95 7
95 89 9
89 80 3
80 90 15
90 105 19
105 87 28
87 103 9
103 111 18
111 110 16
110 115 6
115 129 25
129 131 29
131 142 13
142 145 22
145 132 18
132 125 6
125 94 34
94 83 3
83 71 23
71 57 17
57 31 56
31 28 8
28 20 27
20 14 53
14 9 53
9 18 48
18 26 60
26 47 43
47 45 59
45 36 27
36 39 13
39 55 21
55 62 10
62 82 19
82 88 5
88 67 14
67 65 6
65 63 10
63 76 10
76 85 6
85 84 10
84 86 22
86 64 17
64 32 60
32 30 25
30 25 16
25 23 8
23 21 16
21 17 20
17 12 17
12 13 55
13 11 16
11 8 40
8 7 55
7 6 215
6 16 167
16 4 377
4 5 120
5 3 85
3 2 37
2 1 53
1 0 17