0 1453 0
1453 3086 0
3086 2694 19
2694 2567 46
2567 465 37
465 272 50
272 2392 37
2392 3136 24
3136 2770 0
2770 2772 0
2772 3133 0
3133 2834 24
2834 3448 33
3448 3122 17
3122 671 37
671 2578 33
2578 903 24
903 1638 33
1638 3111 0
3111 2614 0
2614 489 37
489 2415 24
2415 879 0
879 3098 33
3098 1889 0
1889 3118 49
3118 1887 0
1887 3119 24
3119 3127 0
3127 547 37
547 3075 0
3075 108 47
108 1008 12
1008 1471 50
1471 2930 37
2930 778 17
778 1469 17
1469 2552 31
2552 123 23
123 2790 53
2790 1350 50
1350 460 83
460 2682 24
2682 1399 39
1399 1376 0
1376 1535 14
1535 2687 37
2687 2954 33
2954 2685 51
2685 2418 24
2418 708 33
708 1548 10
1548 3245 0
3245 1545 0
1545 2890 16
2890 2601 0
2601 2751 24
2751 941 17
941 1473 17
1473 496 17
496 1624 41
1624 249 20
249 233 0
233 678 50
678 3077 0
3077 416 33
416 1304 33
1304 1292 0
1292 3309 17
3309 151 0
151 2706 37
2706 1558 17
1558 2024 17
2024 3482 16
3482 472 19
472 2197 0
2197 1340 0
1340 3341 37
3341 2817 37
2817 618 37
618 1164 37
1164 563 33
563 786 37
786 947 17
947 104 33
104 2785 0
2785 3140 0
3140 105 0
105 2537 33
2537 3388 17
3388 2856 0
2856 2033 37
2033 2372 17
2372 361 17
361 3027 0
3027 551 17
551 2872 17
2872 433 33
433 1607 17
1607 3128 17
3128 1742 24
1742 1365 24
1365 1880 0
1880 1881 0
1881 1312 0
1312 600 17
600 3326 17
3326 3035 17
3035 1248 17
1248 520 0
520 1942 24
1942 2657 24
2657 1150 17
1150 1683 0
1683 3232 24
3232 2801 37
2801 2089 24
2089 2989 0
2989 3445 0
3445 2520 53
2520 3307 37
3307 588 37
588 3403 33
3403 1831 17
1831 2740 17
2740 2944 0
2944 2708 0
2708 3130 0
3130 3131 0
3131 758 17
758 2407 17
2407 250 0
250 1397 17
1397 1726 24
1726 2960 0
2960 1390 0
1390 473 37
473 2469 17
2469 440 17
440 854 24
854 1269 24
1269 1705 0
1705 397 0
397 336 24
336 1776 0
1776 1772 17
1772 519 17
519 2195 0
2195 1360 17
1360 432 37
432 1220 17
1220 1928 0
1928 186 17
186 1954 0
1954 2553 17
2553 605 0
605 474 0
474 2464 17
2464 928 17
928 1643 0
1643 1999 17
1999 412 24
412 406 0
406 2080 17
2080 868 17
868 2784 17
2784 2915 17
2915 456 17
456 784 24
784 2998 17
2998 2704 37
2704 2441 24
2441 575 0
575 182 24
182 587 17
587 2498 24
2498 1647 47
1647 1094 24
1094 3481 11
3481 853 10
853 3291 0
3291 1364 30
1364 816 41
816 2430 56
2430 2440 119
2440 780 24
780 625 0
625 614 12
614 2782 22
2782 1659 37
1659 528 0
528 1641 17
1641 925 17
925 923 47
923 3436 33
3436 467 17
467 1722 50
1722 428 53
428 2461 17
2461 991 0
991 1233 53
1233 3084 0
3084 604 24
604 2065 53
2065 526 37
526 704 17
704 850 27
850 838 0
838 839 0
839 834 0
834 140 21
140 2947 17
2947 1063 0
1063 330 50
330 3078 34
3078 794 0
794 286 20
286 285 0
285 130 0
130 1646 37
1646 3090 0
3090 1636 33
1636 3091 37
3091 1669 0
1669 1023 0
1023 1289 17
1289 2583 0
2583 171 17
171 3241 0
3241 3246 0
3246 2258 17
2258 2257 0
2257 2650 0
2650 3112 0
3112 218 37
218 174 0
174 2713 24
2713 1443 17
1443 164 33
164 170 24
170 487 33
487 223 33
223 2002 0
2002 224 0
224 1824 47
1824 1840 17
1840 2646 24
2646 1794 37
1794 3123 0
3123 865 24
865 2588 24
2588 3435 47
3435 1925 26
1925 1371 0
1371 1995 0
1995 3250 21
3250 1255 47
1255 2572 0
2572 3480 50
3480 2176 0
2176 1924 0
1924 2173 0
2173 2632 0
2632 2656 30
2656 2758 17
2758 642 37
642 3230 17
3230 1158 37
1158 329 0
329 2525 0
2525 2719 17
2719 464 33
464 441 29
441 444 0
444 2591 38
2591 2279 33
2279 603 17
603 2472 0
2472 2422 24
2422 607 24
607 1640 24
1640 1577 33
1577 1429 17
1429 1939 37
1939 2229 17
2229 2640 0
2640 1694 37
1694 2810 17
2810 2627 37
2627 1743 17
1743 1801 17
1801 1916 24
1916 1653 33
1653 669 38
669 2833 36
2833 1598 17
1598 1509 37
1509 566 24
566 1923 37
1923 1215 37
1215 1885 37
1885 1882 17
1882 2625 24
2625 175 37
175 1258 0
1258 2575 0
2575 1784 17
1784 960 34
960 1530 17
1530 1507 37
1507 2802 53
2802 3183 0
3183 3182 0
3182 1307 17
1307 1305 0
1305 1137 75
1137 2519 0
2519 2593 17
2593 1328 0
1328 995 50
995 1754 97
1754 2194 60
2194 2040 33
2040 640 37
640 2326 37
2326 1147 50
1147 1146 0
1146 1850 0
1850 2536 37
2536 1102 53
1102 2327 53
2327 2571 17
2571 556 17
556 134 0
134 1570 24
1570 1914 17
1914 1932 0
1932 1915 0
1915 2340 17
2340 2338 0
2338 1528 0
1528 2680 0
2680 1331 17
1331 3200 37
3200 3146 0
3146 2793 0
2793 3175 24
3175 2039 0
2039 1394 37
1394 1645 33
1645 219 0
219 1103 73
1103 811 34
811 442 32
442 3135 33
3135 2769 0
2769 938 17
938 2157 37
2157 2620 0
2620 2171 0
2171 1736 33
1736 939 27
939 1044 50
1044 2538 24
2538 1194 37
1194 1003 37
1003 380 17
380 381 1
381 256 23
256 2010 33
2010 660 0
660 3048 38
3048 3045 0
3045 1536 27
1536 3467 18
3467 3390 16
3390 3470 20
3470 769 27
769 2116 37
2116 1048 8
1048 1043 0
1043 2499 10
2499 557 50
557 2153 33
2153 2152 0
2152 3282 24
3282 2830 0
2830 3281 0
3281 2840 24
2840 1968 33
1968 2573 24
2573 2151 17
2151 2437 37
2437 1407 17
1407 1660 33
1660 58 17
58 67 0
67 59 0
59 1579 17
1579 24 17
24 290 33
290 3469 33
3469 2574 28
2574 3472 6
3472 3473 21
3473 1401 16
1401 1404 0
1404 1287 15
1287 2581 0
2581 3471 13
3471 2003 19
2003 2958 0
2958 2512 21
2512 1336 24
1336 3474 21
3474 2162 17
2162 1972 17
1972 1539 17
1539 30 37
30 1529 17
1529 1710 33
1710 1378 0
1378 2604 37
2604 2563 37
2563 2169 37
2169 291 33
291 152 0
152 253 0
253 2228 33
2228 2639 0
2639 2420 24
2420 315 0
315 235 0
235 3391 24
3391 1154 37
1154 1572 24
1572 1576 0
1576 1354 24
1354 1355 0
1355 1177 37
1177 595 0
595 2851 24
2851 1101 50
1101 2313 0
2313 2312 0
2312 1953 0
1953 1876 17
1876 3185 37
3185 2043 0
2043 1800 0
1800 2895 37
2895 179 0
179 149 37
149 998 0
998 1085 37
1085 638 0
638 2907 0
2907 2908 0
2908 864 17
864 486 75
486 479 0
479 2493 60
2493 1788 75
1788 3138 37
3138 3143 0
3143 2390 105
2390 208 0
208 2932 71
2932 26 17
26 32 0
32 538 37
538 1990 24
1990 2917 0
2917 602 53
602 847 0
847 2308 17
2308 2309 0
2309 1951 0
1951 2025 17
2025 463 37
463 946 24
946 948 0
948 509 33
509 1904 17
1904 1156 24
1156 1155 0
1155 2358 33
2358 2725 24
2725 1402 24
1402 1405 0
1405 1400 0
1400 1176 37
1176 1843 0
1843 1212 0
1212 3385 0
3385 1139 0
1139 2473 17
2473 2577 17
2577 2795 24
2795 3464 29
3464 3189 20
3189 3153 0
3153 3462 14
3462 2812 13
2812 3201 0
3201 3046 24
3046 3050 0
3050 3463 10
3463 3466 30
3466 3465 23
3465 2243 17
2243 3468 21
3468 3161 40
3161 1922 35
1922 3380 33
3380 513 24
513 2881 35
2881 2359 22
2359 2624 17
2624 1635 17
1635 3025 21
3025 1377 0
1377 2896 0
2896 2425 16
2425 1740 24
1740 1803 32
1803 1543 0
1543 1802 0
1802 3196 0
3196 3479 0
3479 142 21
142 3092 41
3092 1700 0
1700 3074 32
3074 327 0
327 3094 24
3094 1744 0
1744 2413 33
2413 3105 0
3105 1489 53
1489 1128 17
1128 1676 0
1676 1079 36
1079 3139 40
3139 2778 0
2778 559 37
559 161 24
161 1680 24
1680 3458 4
3458 3457 23
3457 166 31
166 3456 9
3456 3116 10
3116 2755 0
2755 3455 13
3455 1960 22
1960 3102 0
3102 3106 3
3106 2416 0
2416 3454 30
3454 3110 5
3110 2603 0
2603 3104 17
3104 3125 0
3125 2276 0
2276 321 37
321 2426 0
2426 2517 50
2517 898 45
898 921 12
921 1441 27
1441 1739 0
1739 3093 0
3093 836 30
836 827 37
827 1045 24
1045 3080 0
3080 1270 26
1270 1493 0
1493 809 28
809 3453 29
3453 1242 36
1242 1239 0
1239 1810 24
1810 3327 0
3327 3028 47
3028 1547 37
1547 3247 0
3247 3242 0
3242 2819 0
2819 1877 50
1877 3005 24
3005 2411 33
2411 615 37
615 491 17
491 817 53
817 902 53
902 2240 47
2240 542 17
542 745 3
745 3451 12
3451 535 38
535 1756 33
1756 852 24
852 1832 0
1832 1769 33
1769 3452 23
3452 869 39
869 2550 17
2550 2695 0
2695 3478 9
3478 905 16
905 3039 33
3039 2747 0
2747 490 24
490 503 33
503 2205 17
2205 820 0
820 2018 24
2018 2041 17
2041 2463 24
2463 2648 22
2648 252 22
252 1205 34
1205 2555 0
2555 14 27
14 13 0
13 803 26
803 3476 0
3476 3450 16
3450 2845 24
2845 251 36
251 3449 33
3449 3081 35
3081 1677 0
1677 3417 27
3417 1562 0
1562 1563 0
1563 2034 17
2034 3007 43
3007 3008 0
3008 2547 14
2547 1197 0
1197 2375 17
2375 10 0
10 1785 24
1785 550 24
550 881 0
881 1389 17
1389 1725 0
1725 981 28
981 455 35
455 2825 24
2825 681 17
681 2800 17
2800 1427 54
1427 2083 39
2083 3477 26
3477 2983 17
2983 1753 0
1753 2332 33
2332 2982 17
2982 160 24
160 159 0
159 177 0
177 115 17
115 1119 17
1119 2513 0
2513 1118 0
1118 3177 37
3177 3178 0
3178 1894 17
1894 3099 0
3099 3301 37
3301 267 20
267 795 17
795 1542 17
1542 1492 0
1492 787 17
787 2723 33
2723 822 0
822 805 17
805 1998 17
1998 696 17
696 2508 17
2508 2321 17
2321 1081 24
1081 521 24
521 2168 24
2168 2882 17
2882 2884 17
2884 2885 0
2885 665 17
665 1891 0
1891 573 0
573 2549 17
2549 2931 17
2931 2787 0
2787 2336 0
2336 570 0
570 1760 0
1760 2548 24
2548 2848 17
2848 3032 17
3032 2701 33
2701 2554 0
2554 2487 17
2487 283 0
283 493 24
493 2356 17
2356 1179 17
1179 1235 0
1235 1172 0
1172 616 24
616 2956 0
2956 1789 0
1789 2729 0
2729 2972 0
2972 417 24
417 2085 17
2085 1898 24
1898 2569 24
2569 855 17
855 3244 17
3244 1345 24
1345 2070 0
2070 541 24
541 1467 17
1467 1468 0
1468 1465 17
1465 912 17
912 1944 37
1944 3304 17
3304 1002 17
1002 3405 24
3405 3381 0
3381 3384 0
3384 3408 0
3408 1821 24
1821 1777 37
1777 3225 17
3225 1727 37
1727 3224 17
3224 3233 0
3233 3243 33
3243 1546 0
1546 2818 0
2818 398 17
398 1523 17
1523 826 0
826 1515 0
1515 2409 24
2409 650 17
650 682 0
682 2661 17
2661 2280 0
2280 2227 24
2227 2642 0
2642 2668 0
2668 2877 33
2877 1517 0
1517 2311 0
2311 475 33
475 882 24
882 952 17
952 2455 0
2455 666 17
666 619 33
619 628 0
628 1464 17
1464 413 17
413 1708 24
1708 1648 24
1648 908 17
908 2049 17
2049 883 0
883 890 0
890 3191 0
3191 296 37
296 2465 17
2465 748 53
748 711 47
711 2373 0
2373 1613 75
1613 2429 37
2429 1333 37
1333 2756 17
2756 1061 17
1061 1067 0
1067 1416 0
1416 1125 24
1125 652 37
652 1282 17
1282 1496 0
1496 1495 0
1495 1283 0
1283 720 17
720 1568 50
1568 2209 47
2209 1879 37
1879 1341 33
1341 1559 24
1559 1497 17
1497 2248 17
2248 1514 0
1514 1457 24
1457 1551 17
1551 1550 0
1550 2467 17
2467 2510 24
2510 504 33
504 1649 17
1649 220 0
220 3407 17
3407 932 17
932 790 24
790 752 24
752 2061 24
2061 3251 0
3251 2060 0
2060 591 33
591 3126 33
3126 459 17
459 203 33
203 202 0
202 118 0
118 3429 17
3429 3428 0
3428 2211 0
2211 3321 33
3321 3320 24
3320 818 17
818 1798 37
1798 1729 37
1729 2354 17
2354 1520 0
1520 2805 24
2805 2533 24
2533 2690 17
2690 2968 17
2968 2005 0
2005 437 17
437 2459 17
2459 2826 17
2826 2556 17
2556 2636 17
2636 1847 24
1847 1854 17
1854 310 0
310 1763 17
1763 2874 17
2874 476 17
476 1206 17
1206 2570 17
2570 3438 24
3438 3434 0
3434 2868 0
2868 2251 17
2251 2250 0
2250 2252 0
2252 2260 0
2260 2878 17
2878 2698 0
2698 992 17
992 2466 0
2466 754 24
754 789 0
789 2709 24
2709 414 0
414 457 0
457 1782 24
1782 2514 24
2514 2562 0
2562 930 37
930 651 17
651 2333 17
2333 2692 37
2692 2717 24
2717 2071 24
2071 1945 0
1945 895 0
895 896 0
896 2718 0
2718 1245 24
1245 1335 0
1335 1878 0
1878 2059 0
2059 863 0
863 931 24
931 1808 17
1808 1296 17
1296 1790 17
1790 2180 17
2180 1560 17
1560 1138 17
1138 116 0
116 2521 0
2521 1499 37
1499 1474 17
1474 2322 17
2322 1475 33
1475 3443 0
3443 2869 0
2869 1396 24
1396 2292 37
2292 2595 17
2595 117 0
117 90 37
90 2377 0
2377 617 24
617 1395 37
1395 1393 0
1393 630 33
630 791 17
791 438 24
438 2859 17
2859 1730 0
1730 2806 37
2806 1262 17
1262 1186 0
1186 1764 0
1764 1181 0
1181 1180 0
1180 2035 24
2035 1295 33
1295 510 17
510 594 24
594 3414 0
3414 2203 0
2203 1391 24
1391 1728 0
1728 2384 17
2384 2207 0
2207 147 0
147 146 0
146 3194 17
3194 2055 0
2055 2387 17
2387 897 17
897 1663 24
1663 1866 37
1866 1862 0
1862 1175 0
1175 1524 17
1524 1480 17
1480 436 17
436 435 0
435 1734 0
1734 840 24
840 1298 17
1298 2992 17
2992 2815 24
2815 856 17
856 2820 33
2820 1890 17
1890 2775 17
2775 3234 17
3234 294 17
294 2584 17
2584 2580 0
2580 2585 17
2585 2665 24
2665 295 33
295 2594 17
2594 933 37
933 2210 47
2210 1189 17
1189 3430 17
3430 3433 0
3433 1849 17
1849 2491 17
2491 2666 17
2666 119 47
119 1707 53
1707 2875 17
2875 1796 37
1796 2630 37
2630 1829 33
1829 1961 17
1961 2684 24
2684 1848 24
1848 1839 24
1839 2022 24
2022 1927 24
1927 2304 24
2304 2633 17
2633 2635 17
2635 2579 17
2579 1408 17
1408 2436 17
2436 1851 17
1851 2654 37
2654 2044 24
2044 810 24
810 2045 17
2045 3061 37
3061 1426 24
1426 819 24
819 699 24
699 697 0
697 2351 17
2351 3285 24
3285 653 24
653 2374 37
2374 1982 24
1982 2482 17
2482 1804 17
1804 1774 17
1774 2645 37
2645 824 24
824 1799 50
1799 3359 24
3359 2847 0
2847 2325 0
2325 958 47
958 689 0
689 1665 0
1665 2088 17
2088 1626 24
1626 1775 24
1775 2611 17
2611 1592 0
1592 593 17
593 540 24
540 2270 50
2270 2424 33
2424 2255 17
2255 2253 0
2253 2256 0
2256 2305 33
2305 2669 0
2669 3240 60
3240 2068 0
2068 2612 17
2612 1685 37
1685 2722 24
2722 2318 24
2318 1964 0
1964 807 33
807 120 17
120 1010 17
1010 248 47
248 2557 37
2557 3051 17
3051 686 17
686 2468 17
2468 993 0
993 1211 24
1211 1121 17
1121 999 17
999 101 0
101 1279 0
1279 631 17
631 1688 0
1688 2023 33
2023 2789 37
2789 2160 37
2160 2622 0
2622 1650 37
1650 1983 37
1983 722 24
722 2518 33
2518 2929 17
2929 934 17
934 2067 17
2067 1992 24
1992 2927 0
2927 1297 24
1297 731 17
731 2388 17
2388 2435 33
2435 2442 33
2442 2350 24
2350 2347 0
2347 2348 0
2348 1984 24
1984 2349 24
2349 1912 37
1912 1965 24
1965 1241 24
1241 1240 0
1240 2565 0
2565 1290 60
1290 2586 0
2586 1291 0
1291 2934 37
2934 1088 33
1088 935 37
935 1329 69
1329 349 67
349 393 24
393 2448 17
2448 1168 33
1168 1167 0
1167 3287 0
3287 3141 101
3141 2017 0
2017 2977 0
2977 982 53
982 983 0
983 2457 0
2457 2702 47
2702 2 50
2 2245 33
2245 1243 0
1243 2410 24
2410 255 0
255 392 33
392 3167 37
3167 1115 37
1115 158 217
158 2803 83
2803 3004 121
3004 2247 0
2247 178 0
178 268 413
268 654 24
654 1109 37
1109 1056 37
1056 1780 24
1780 181 24
181 1779 0
1779 750 0
750 3335 0
3335 128 0
128 2084 33
2084 2527 33
2527 1386 24
1386 592 50
592 439 33
439 1684 37
1684 188 0
188 2933 24
2933 3419 37
3419 685 17
685 698 67
698 1962 17
1962 2016 24
2016 1322 37
1322 2335 33
2335 2334 0
2334 1561 17
1561 968 17
968 755 33
755 793 0
793 723 0
723 721 0
721 125 0
125 2613 157
2613 1593 0
1593 3406 47
3406 3166 24
3166 1809 94
1809 2042 0
2042 2246 0
2246 1631 47
1631 571 37
571 3312 17
3312 1852 17
1852 1627 33
1627 356 17
356 536 17
536 690 17
690 1299 24
1299 2531 37
2531 421 33
421 1952 37
1952 796 24
796 3223 24
3223 1587 24
1587 2607 0
2607 2522 24
2522 2559 17
2559 792 37
792 688 37
688 1306 17
1306 1993 24
1993 2798 17
2798 346 17
346 3383 17
3383 3382 0
3382 3389 0
3389 799 17
799 870 0
870 1112 24
1112 3294 0
3294 1087 24
1087 576 17
576 1455 17
1455 265 0
265 2163 24
2163 1099 24
1099 1888 33
1888 887 17
887 1300 24
1300 1301 0
1301 2807 17
2807 2935 37
2935 1199 37
1199 1198 0
1198 886 24
886 725 17
725 2497 24
2497 1918 17
1918 1715 17
1715 1410 50
1410 3155 33
3155 529 24
529 1157 17
1157 857 17
857 3132 17
3132 505 17
505 2634 37
2634 2066 37
2066 582 53
582 2644 17
2644 659 17
659 629 0
629 1687 33
1687 684 0
684 1935 33
1935 309 37
309 2788 37
2788 2774 60
2774 683 17
683 861 24
861 1946 24
1946 1988 0
1988 757 24
757 1352 0
1352 3043 17
3043 507 37
507 458 0
458 495 17
495 1630 17
1630 1986 17
1986 2711 17
2711 798 17
798 1905 17
1905 590 24
590 2021 17
2021 434 0
434 2081 0
2081 3173 24
3173 2674 17
2674 1956 0
1956 1083 0
1083 1392 17
1392 2281 33
2281 2282 0
2282 2662 0
2662 2476 24
2476 2883 17
2883 2886 17
2886 729 37
729 749 0
749 3067 17
3067 1486 17
1486 3306 0
3306 1272 17
1272 1273 0
1273 1274 0
1274 1143 17
1143 1144 0
1144 1145 0
1145 3303 0
3303 1412 37
1412 2038 37
2038 2976 0
2976 2015 0
2015 2063 0
2063 746 17
746 1217 0
1217 736 0
736 3308 0
3308 1667 17
1667 1363 17
1363 124 17
124 1294 24
1294 1293 0
1293 91 17
91 3305 17
3305 1348 0
1348 1234 17
1234 1411 24
1411 1275 43
1275 3314 29
3314 3114 46
3114 2735 0
2735 2979 0
2979 2978 0
2978 3475 0
3475 2526 43
2526 589 0
589 1759 24
1759 1575 24
1575 2443 24
2443 901 24
901 664 17
664 747 17
747 710 24
710 2797 17
2797 3151 0
3151 2697 17
2697 823 37
823 2383 24
2383 1009 17
1009 298 33
298 2405 17
2405 1773 17
1773 2054 0
2054 3193 0
3193 2909 24
2909 522 24
522 1943 17
1943 2490 37
2490 1686 24
1686 1795 24
1795 564 17
564 2301 24
2301 276 17
276 1264 0
1264 275 0
275 2046 33
2046 2786 17
2786 627 17
627 569 24
569 109 17
109 126 0
126 3073 0
3073 3108 26
3108 2561 0
2561 1855 4
1855 3097 0
3097 785 24
785 2647 50
2647 2737 60
2737 1525 0
1525 3014 0
3014 1192 37
1192 1188 0
1188 2539 0
2539 1771 37
1771 454 37
454 1770 37
1770 2014 17
2014 860 17
860 1432 24
1432 1434 0
1434 1477 17
1477 1625 17
1625 1981 17
1981 1214 24
1214 277 47
277 2507 24
2507 3418 17
3418 1970 53
1970 1874 47
1874 518 24
518 1361 37
1361 492 37
492 1413 37
1413 1415 0
1415 1642 47
1642 2485 37
2485 471 17
471 1857 0
1857 3293 37
3293 2371 17
2371 2696 24
2696 328 47
328 3202 24
3202 1859 60
1859 3231 17
3231 129 75
129 1073 60
1073 2592 33
2592 2019 24
2019 1104 33
1104 2241 0
2241 2673 53
2673 700 37
700 3165 37
3165 2871 33
2871 2870 0
2870 649 37
649 2816 24
2816 2649 37
2649 3351 50
3351 2489 24
2489 1031 24
1031 1674 37
1674 1875 60
1875 1633 24
1633 657 53
657 2053 37
2053 788 53
788 945 47
945 400 0
400 1853 50
1853 1706 24
1706 2599 37
2599 806 60
806 1671 37
1671 658 37
658 1533 37
1533 1926 75
1926 494 33
494 483 33
483 737 17
737 1544 53
1544 862 17
862 2509 37
2509 2731 53
2731 929 24
929 709 37
709 1050 24
1050 1057 0
1057 599 17
599 3446 0
3446 1451 33
1451 714 60
714 405 105
405 419 0
419 1752 101
1752 1170 60
1170 637 0
637 634 0
634 648 0
648 1080 50
1080 3298 60
3298 3297 0
3297 907 0
907 2587 90
2587 2846 33
2846 1830 33
1830 1193 60
1193 3432 37
3432 2454 33
2454 2150 37
2150 1746 53
1746 866 50
866 2605 47
2605 3357 24
3357 2783 53
2783 717 37
717 3427 33
3427 655 24
655 2759 24
2759 1532 37
1532 2337 37
2337 297 37
297 1846 37
1846 851 24
851 2760 37
2760 2475 37
2475 2370 24
2370 716 33
716 2532 17
2532 2394 17
2394 3065 17
3065 1682 17
1682 1920 33
1920 2926 47
2926 3440 17
3440 1108 24
1108 2913 24
2913 1573 37
1573 1750 33
1750 1016 17
1016 1825 0
1825 2861 50
2861 2501 37
2501 1757 24
1757 3066 60
3066 2274 37
2274 1675 33
1675 264 24
264 2402 37
2402 3342 37
3342 2007 60
2007 944 24
944 1692 37
1692 1527 17
1527 2433 24
2433 1501 37
1501 2078 50
2078 1712 39
1712 1714 0
1714 1382 0
1382 3089 22
3089 1637 0
1637 3109 17
3109 2602 0
2602 360 37
360 2077 17
2077 2721 37
2721 2629 24
2629 2710 33
2710 1271 24
1271 2597 37
2597 2720 24
2720 2813 17
2813 2659 37
2659 244 17
244 3198 33
3198 3197 0
3197 644 33
644 514 17
514 1332 24
1332 446 37
446 3171 19
3171 3459 26
3459 726 31
726 3460 23
3460 3461 40
3461 1338 14
1338 274 34
274 273 0
273 3174 24
3174 771 24
771 2368 24
2368 1346 17
1346 2417 37
2417 1256 37
1256 874 17
874 1482 24
1482 1153 33
1153 2764 37
2764 2765 24
2765 2331 33
2331 2412 33
2412 350 53
350 2479 24
2479 3299 24
3299 2835 0
2835 1578 37
1578 1731 33
1731 2158 17
2158 242 0
242 240 0
240 3337 0
3337 261 17
261 2828 47
2828 262 17
262 243 17
243 1494 33
1494 2558 37
2558 3163 37
3163 1997 24
1997 2942 0
2942 212 50
212 562 0
562 270 0
270 1937 37
1937 878 37
878 1484 53
1484 2809 37
2809 3199 0
3199 2808 24
2808 1190 33
1190 2660 24
2660 2726 17
2726 2013 33
2013 500 33
500 2480 17
2480 2379 17
2379 873 37
873 410 0
410 1695 17
1695 3265 17
3265 3249 0
3249 1339 33
1339 466 24
466 351 37
351 2254 17
2254 3053 33
3053 2516 17
2516 3267 37
3267 1845 33
1845 2031 33
2031 1751 37
1751 2259 24
2259 779 37
779 751 0
751 523 33
523 525 0
525 3172 37
3172 2589 37
2589 1479 17
1479 828 33
828 2478 0
2478 2664 47
2664 2993 37
2993 2184 60
2184 2159 0
2159 2621 0
2621 2395 24
2395 1574 37
1574 647 0
647 3018 60
3018 2939 0
2939 534 157
534 468 53
468 3283 50
3283 1604 85
1604 1910 0
1910 470 53
470 2346 50
2346 2344 0
2344 2686 0
2686 2689 0
2689 2743 37
2743 2296 17
2296 829 0
829 553 17
553 411 0
411 1884 24
1884 1957 60
1957 2316 0
2316 646 0
646 1498 121
1498 3215 90
3215 2728 100
2728 2955 0
2955 106 97
106 97 0
97 98 0
98 2244 47
2244 1032 24
1032 1316 69
1316 1317 0
1317 1500 50
1500 1949 37
1949 3040 50
3040 2748 0
2748 2814 33
2814 2683 33
2683 2681 0
2681 1947 24
1947 3038 60
3038 2746 0
2746 1462 141
1462 335 0
335 2997 195
2997 1268 0
1268 2995 37
2995 3001 0
3001 2864 269
2864 2863 0
2863 3422 0
3422 1424 217
1424 22 0
22 1616 0
1616 1615 0
1615 1899 0
1899 1033 127
1033 1534 134
1534 3054 0
3054 1324 149
1324 2590 0
2590 1064 0
1064 1963 71
1963 1210 190
1210 2534 118
2534 1171 0
1171 673 47
673 679 0
679 1325 190
1325 894 133
894 2076 154
2076 3263 194
3263 2767 75
2767 2762 0
2762 3070 0
3070 2761 0
2761 3072 0
3072 2891 681
2891 2705 0
2705 2294 164
2294 733 0
733 3404 24
3404 1967 17
1967 2317 47
2317 3235 112
3235 2232 33
2232 691 117
691 2707 37
2707 3401 97
3401 3402 0
3402 3324 90
3324 1151 183
1151 3356 177
3356 1055 243
1055 3319 0
3319 2303 0
2303 1347 143
1347 1024 313
1024 2730 134
2730 3269 69
3269 3268 0
3268 2829 61
2829 2323 155
2323 348 650
348 2957 0
2957 379 532
379 308 227
308 258 0
258 306 0
306 305 0
305 1417 180
1417 1418 0
1418 1052 0
1052 1244 24
1244 3328 47
3328 55 0
55 385 0
385 56 0
56 2224 0
2224 3238 100
3238 1966 0
1966 3237 37
3237 3239 0
3239 3329 0
3329 3236 0
3236 1820 83
1820 2804 117
2804 2148 107
2148 2117 0
2117 3016 0
3016 3017 0
3017 2147 0
2147 3006 0
3006 2353 83
2353 1690 0
1690 1162 0
1162 1161 0
1161 1491 0
1491 1689 0
1689 1931 0
1931 1028 24
1028 997 0
997 1026 0
1026 2231 24
2231 2100 107
2100 2922 0
2922 2099 0
2099 257 0
257 3181 0
3181 2924 17
2924 2923 0
2923 1557 33
1557 1741 50
1741 1565 33
1565 1566 0
1566 3158 85
3158 1358 0
1358 3157 0
3157 927 53
927 2112 118
2112 1438 50
1438 3259 0
3259 3262 0
3262 364 37
364 2297 0
2297 3187 83
3187 482 0
482 2145 0
2145 900 94
900 368 83
368 3044 24
3044 1090 24
1090 2837 0
2837 1091 0
1091 3330 0
3330 2291 177
2291 804 37
804 3222 101
3222 354 24
354 875 24
875 2008 17
2008 586 17
586 1344 60
1344 3023 53
3023 1025 0
1025 744 24
744 781 53
781 2037 53
2037 1463 37
1463 1511 33
1511 1651 24
1651 1837 101
1837 2324 134
2324 3019 17
3019 2315 50
2315 899 47
899 2727 37
2727 924 60
924 815 24
815 1703 33
1703 1406 17
1406 1318 50
1318 1319 0
1319 1313 0
1313 1980 53
1980 3370 0
3370 1017 47
1017 2486 0
2486 1152 37
1152 1097 85
1097 1704 24
1704 2524 33
2524 3058 17
3058 3148 24
3148 2855 17
2855 3206 33
3206 3208 60
3208 1697 60
1697 1652 33
1652 1320 75
1320 951 67
951 2069 24
2069 1971 50
1971 2546 101
2546 2095 120
2095 2141 0
2141 506 180
506 313 69
313 312 0
312 1133 0
1133 1132 0
1132 2745 75
2745 1219 75
1219 920 157
920 2352 186
2352 2703 71
2703 2911 47
2911 1989 0
1989 1281 167
1281 1284 0
1284 950 137
950 1098 83
1098 672 134
672 1510 69
1510 1623 85
1623 2906 69
2906 1959 75
1959 2691 105
2691 1267 388
1267 230 0
230 1218 53
1218 3288 0
3288 2615 53
2615 2980 112
2980 1178 328
1178 1586 75
1586 1584 67
1584 1086 0
1086 3149 17
3149 2138 0
2138 2136 17
2136 1006 53
1006 3323 0
3323 3318 0
3318 2073 0
2073 2072 0
2072 2299 0
2299 3029 33
3029 2222 0
2222 367 0
367 3030 0
3030 2343 0
2343 82 0
82 2193 0
2193 2192 0
2192 42 0
42 872 33
872 73 255
73 2108 101
2108 1069 60
1069 300 17
300 301 0
301 332 0
332 3371 24
3371 1095 17
1095 1096 0
1096 383 0
383 1093 0
1093 76 69
76 39 0
39 78 0
78 80 0
80 40 0
40 2220 0
2220 2218 0
2218 2215 85
2215 35 0
35 44 0
44 43 0
43 2212 0
2212 2230 151
2230 3013 0
3013 1617 186
1617 1619 0
1619 1618 0
1618 2098 33
2098 2928 0
2928 2101 0
2101 2097 0
2097 2107 0
2107 2921 0
2921 2106 0
2106 2188 112
2188 2189 0
2189 1868 69
1868 2105 167
2105 2118 0
2118 2190 112
2190 3145 112
3145 2137 0
2137 57 37
57 1001 0
1001 2226 0
2226 2225 0
2225 3322 0
3322 1900 142
1900 1445 0
1445 1446 0
1446 1892 0
1892 1895 0
1895 1077 37
1077 3248 0
3248 197 83
197 214 0
214 2943 69
2943 2111 0
2111 2110 0
2110 3345 167
3345 3354 0
3354 2903 100
2903 2901 0
2901 1601 83
1601 1610 0
1610 1602 0
1602 1611 0
1611 187 24
187 2134 17
2134 1276 0
1276 1277 0
1277 299 0
299 2295 17
2295 2300 0
2300 86 33
86 52 0
52 85 0
85 2216 0
2216 1278 0
1278 1232 69
1232 206 120
206 213 33
213 362 60
362 363 69
363 366 0
366 3209 83
3209 3210 0
3210 1049 47
1049 1250 0
1250 2109 0
2109 1249 0
1249 3213 83
3213 3212 0
3212 17 37
17 2143 47
2143 319 0
319 2144 0
2144 1450 75
1450 1620 0
1620 2902 33
2902 3362 60
3362 3363 0
3363 84 37
84 18 17
18 1421 60
1421 1422 0
1422 2937 24
2937 2936 0
2936 2938 0
2938 194 47
194 378 53
378 667 75
667 3348 37
3348 480 17
480 3350 33
3350 71 75
71 3124 83
3124 3361 137
3361 47 0
47 358 69
358 33 167
33 1366 142
1366 3069 0
3069 2920 0
2920 1373 0
1373 3344 250
3344 3353 0
3353 1449 69
1449 1448 0
1448 3264 17
3264 3258 0
3258 3012 60
3012 2905 33
2905 2090 0
2090 2904 0
2904 2142 67
2142 292 0
292 303 167
303 1375 60
1375 1644 0
1644 357 195
357 232 227
232 3226 120
3226 3180 90
3180 3179 0
3179 51 0
51 2093 117
2093 3271 201
3271 2115 0
2115 3270 0
3270 3204 248
3204 3203 0
3203 3205 97
3205 1076 0
1076 3207 0
3207 3024 0
3024 3444 0
3444 2503 33
2503 1000 151
1000 1580 50
1580 1135 53
1135 269 17
269 987 50
987 185 17
185 1582 17
1582 1581 0
1581 1280 17
1280 374 0
374 196 0
196 3349 24
3349 384 24
384 964 0
964 966 0
966 3253 33
3253 3214 0
3214 3254 0
3254 2124 17
2124 3020 0
3020 2123 0
2123 382 24
382 963 0
963 1246 17
1246 3398 0
3398 3396 0
3396 1020 53
1020 1019 0
1019 1035 24
1035 1036 0
1036 3021 0
3021 2125 0
2125 2965 69
2965 2919 0
2919 2096 0
2096 2214 24
2214 68 0
68 60 0
60 69 0
69 216 17
216 231 53
231 215 37
215 201 33
201 199 0
199 198 37
198 200 0
200 3339 17
3339 3295 0
3295 195 24
195 969 17
969 2121 0
2121 961 0
961 3275 37
3275 3276 0
3276 3273 0
3273 3278 0
3278 3277 0
3277 2135 0
2135 3272 0
3272 388 33
388 193 33
193 63 24
63 2213 0
2213 64 0
64 2128 50
2128 2129 0
2129 1030 0
1030 524 69
524 3217 0
3217 1609 17
1609 1929 17
1929 701 0
701 583 24
583 3216 71
3216 3211 0
3211 800 53
800 2776 60
2776 48 50
48 530 60
530 1973 101
1973 1209 0
1209 3015 75
3015 2738 0
2738 2119 33
2119 2120 0
2120 1310 142
1310 45 184
45 1120 0
1120 347 33
347 1285 37
1285 1149 17
1149 2133 17
2133 209 17
209 2126 33
2126 2130 0
2130 825 53
825 601 0
601 2329 33
2329 867 0
867 387 37
387 892 24
892 3415 0
3415 891 0
891 191 17
191 192 0
192 3010 71
3010 3011 0
3011 443 101
443 2114 17
2114 2113 0
2113 3364 33
3364 3367 0
3367 3365 0
3365 511 37
511 3134 37
3134 3395 154
3395 372 75
372 373 0
373 371 0
371 1027 154
1027 53 37
53 3375 67
3375 83 90
83 1314 107
1314 2196 17
2196 189 85
189 1315 24
1315 54 17
54 2094 24
2094 3257 37
3257 1075 0
1075 1201 17
1201 3355 85
3355 1200 0
1200 2127 33
2127 461 33
461 3416 75
3416 3368 83
3368 1253 90
1253 3347 121
3347 339 24
339 1126 47
1126 29 37
29 1896 17
1896 2262 164
2262 49 0
49 36 0
36 3346 300
3346 3343 0
3343 3373 0
3373 761 283
761 1059 284
1059 2910 83
2910 3068 0
3068 2186 24
2186 1766 167
1766 103 50
103 2763 120
2763 2854 133
2854 768 37
768 2380 60
2380 3144 33
3144 1308 37
1308 2453 0
2453 2452 0
2452 1012 50
1012 1834 47
1834 2623 37
2623 1835 24
1835 2600 17
2600 1867 101
1867 2366 17
2366 1227 83
1227 1709 83
1709 2841 24
2841 962 83
962 2771 85
2771 2655 60
2655 1958 17
1958 1228 37
1228 1698 17
1698 2381 50
2381 1230 83
1230 1231 0
1231 753 0
753 1229 0
1229 3261 0
3261 1435 71
1435 2396 37
2396 2264 17
2264 2406 17
2406 3279 90
3279 1936 134
1936 2268 0
2268 2091 133
2091 2140 53
2140 1583 203
1583 2103 69
2103 156 0
156 2104 134
2104 2102 0
2102 2925 0
2925 1639 127
1639 2058 60
2058 1816 118
1816 3421 67
3421 2900 33
2900 2899 0
2899 2792 37
2792 61 97
61 62 0
62 2217 105
2217 72 0
72 37 0
37 38 0
38 74 0
74 65 37
65 3400 37
3400 87 0
87 2223 0
2223 183 0
183 1805 47
1805 334 37
334 1902 150
1902 1901 0
1901 1370 0
1370 1906 0
1906 359 17
359 345 0
345 2822 248
2822 3256 112
3256 3255 0
3255 3437 83
3437 2314 100
2314 988 85
988 1815 0
1815 375 118
375 2004 53
2004 2967 0
2967 2700 33
2700 2450 33
2450 2699 37
2699 1447 151
1447 2964 50
2964 3336 24
3336 2693 105
2693 1222 120
1222 914 300
914 204 17
204 2187 0
2187 2504 69
2504 307 143
307 304 0
304 2876 0
2876 2219 37
2219 81 0
81 2221 0
2221 79 0
79 77 0
77 41 0
41 2364 60
2364 3425 17
3425 3426 0
3426 3423 0
3423 1140 53
1140 1141 0
1141 2122 17
2122 2092 0
2092 1594 85
1594 1595 0
1595 1596 0
1596 2146 149
2146 338 101
338 34 0
34 3284 167
3284 1436 237
1436 1444 0
1444 1437 0
1437 986 50
986 989 0
989 2139 0
2139 1204 53
1204 377 37
377 2132 0
2132 3042 50
3042 1994 50
1994 1996 0
1996 2672 37
2672 370 69
370 846 0
846 207 118
207 3317 24
3317 323 0
323 3129 105
3129 2733 118
2733 2880 167
2880 636 0
636 1169 0
1169 2528 142
2528 1142 167
1142 314 33
314 2753 71
2753 1124 71
1124 1208 0
1208 1673 33
1673 365 83
365 1166 90
1166 2445 37
2445 113 37
113 3431 17
3431 2382 37
2382 2741 121
2741 1526 0
1526 2742 0
2742 2399 97
2399 3160 37
3160 1359 47
1359 533 0
533 1004 90
1004 2057 107
2057 1513 100
1513 1749 0
1749 263 0
263 205 50
205 3184 90
3184 3186 0
3186 2873 17
2873 1702 33
1702 3266 33
3266 2393 47
2393 211 0
211 3220 37
3220 516 24
516 813 47
813 21 17
21 1978 37
1978 940 37
940 2544 17
2544 743 37
743 965 50
965 967 0
967 15 0
15 1719 37
1719 1388 0
1388 3334 24
3334 2844 0
2844 561 53
561 1431 24
1431 1433 0
1433 331 37
331 756 47
756 775 0
775 3290 50
3290 2249 60
2249 2918 0
2918 1148 53
1148 2474 24
2474 2302 24
2302 2667 0
2667 2542 17
2542 830 33
830 2181 0
2181 801 0
801 2328 47
2328 532 17
532 2823 37
2823 1216 33
1216 953 37
953 954 0
954 508 17
508 2842 24
2842 3332 0
3332 2079 17
2079 3352 0
3352 3154 17
3154 2799 0
2799 2991 17
2991 2831 24
2831 333 33
333 624 33
624 2716 33
2716 50 37
50 447 50
447 3338 47
3338 184 0
184 2434 17
2434 1353 17
1353 1738 37
1738 1440 0
1440 266 24
266 2432 24
2432 1251 17
1251 2794 33
2794 1696 33
1696 3260 60
3260 3170 33
3170 3169 0
3169 3159 0
3159 1398 60
1398 260 17
260 2541 53
2541 2914 17
2914 1737 33
1737 1183 17
1183 1185 0
1185 1021 24
1021 1908 37
1908 675 47
675 1309 53
1309 1334 37
1334 2677 24
2677 3340 37
3340 3366 0
3366 2889 37
2889 695 17
695 977 33
977 2471 24
2471 1117 33
1117 3228 24
3228 2345 17
2345 937 37
937 497 33
497 2641 33
2641 662 37
662 1930 50
1930 1933 0
1933 1991 24
1991 1976 0
1976 1811 53
1811 1263 37
1263 1516 33
1516 2916 24
2916 2628 37
2628 340 0
340 2744 37
2744 3037 0
3037 1367 33
1367 2056 0
2056 2287 24
2287 1288 37
1288 1286 0
1286 1826 0
1826 2582 0
2582 610 17
610 1911 17
1911 1606 0
1606 1817 37
1817 31 17
31 19 0
19 25 0
25 2204 24
2204 1909 24
1909 572 17
572 1488 37
1488 23 17
23 426 17
426 112 33
112 3442 37
3442 3441 0
3441 2166 53
2166 2447 0
2447 391 0
391 311 37
311 3218 0
3218 2273 37
2273 1856 53
1856 2839 33
2839 2357 24
2357 190 17
190 3274 47
3274 621 17
621 984 33
984 3059 0
3059 3062 0
3062 3060 0
3060 1716 37
1716 2271 33
2271 1203 33
1203 70 17
70 2458 37
2458 2086 37
2086 2064 112
2064 66 201
66 543 137
543 2821 0
2821 1184 194
1184 1182 0
1182 93 180
93 1622 0
1622 911 37
911 915 17
915 1974 53
1974 2341 0
2341 3358 24
3358 2981 37
2981 239 0
239 238 0
238 1425 33
1425 148 0
148 531 90
531 1747 47
1747 484 47
484 1567 0
1567 1656 47
1656 127 0
127 1549 47
1549 2946 37
2946 2715 0
2715 598 37
598 27 0
27 1046 37
1046 1047 0
1047 1041 0
1041 2451 75
2451 2006 37
2006 2971 0
2971 620 60
620 976 24
976 2596 53
2596 1357 0
1357 20 37
20 831 47
831 241 0
241 344 33
344 692 17
692 970 50
970 1461 37
1461 1564 0
1564 1603 47
1603 1571 67
1571 16 17
16 3003 0
3003 2283 37
2283 395 0
395 1938 0
1938 2191 47
2191 1326 37
1326 1015 50
1015 1668 0
1668 2470 60
2470 996 0
996 767 17
767 137 0
137 2749 60
2749 2867 0
2867 2266 69
2266 157 0
157 2391 24
2391 210 0
210 168 37
168 2156 0
2156 2164 0
2164 3009 0
3009 2310 69
2310 2671 0
2671 1454 97
1454 2285 0
2285 2263 0
2263 2286 0
2286 1819 67
1819 1670 118
1670 555 24
555 1629 33
1629 1628 0
1628 3280 0
3280 2284 47
2284 1428 0
1428 906 37
906 3296 0
3296 1903 90
1903 46 117
46 2261 0
2261 2265 0
2265 2131 83
2131 2362 0
2362 2606 180
2606 75 174
75 180 149
180 2969 0
2969 739 154
739 730 0
730 1311 0
1311 1521 75
1521 2355 0
2355 2444 47
2444 369 0
369 278 190
278 279 0
279 229 24
229 227 0
227 228 0
228 3033 121
3033 2183 37
2183 302 33
302 554 50
554 1657 0
1657 167 67
167 1588 0
1588 577 17
577 1054 17
1054 1476 0
1476 1053 0
1053 972 107
972 145 0
145 973 0
973 144 0
144 942 37
942 3022 37
3022 2626 0
2626 2172 0
2172 136 24
136 974 0
974 2973 47
2973 1787 0
1787 2174 37
2174 584 50
584 1 37
1 1614 0
1614 4 0
4 2360 0
2360 3 0
3 1034 53
1034 3227 47
3227 1783 69
1783 1655 60
1655 88 0
88 2208 24
2208 342 24
342 341 0
341 2149 24
2149 1919 0
1919 2182 0
2182 3392 60
3392 565 24
565 858 69
858 2849 0
2849 3369 0
3369 3026 50
3026 844 60
844 139 0
139 287 50
287 407 60
407 552 0
552 2791 17
2791 3142 0
3142 3331 69
3331 2838 0
2838 728 17
728 740 0
740 732 0
732 727 0
727 1037 75
1037 143 90
143 936 0
936 155 50
155 1838 0
1838 1127 0
1127 2608 67
2608 1589 0
1589 3399 53
3399 762 0
762 2155 71
2155 2619 0
2619 2974 24
2974 2009 0
2009 1226 53
1226 173 33
173 2894 0
2894 2879 0
2879 462 24
462 877 24
877 2970 47
2970 2832 53
2832 1107 24
1107 1106 0
1106 1110 0
1110 2502 0
2502 1013 53
1013 1084 37
1084 1590 37
1590 2609 0
2609 975 37
975 1541 50
1541 3188 0
3188 3152 0
3152 2269 17
2269 422 0
422 2272 0
2272 712 50
712 512 33
512 133 0
133 352 37
352 424 37
424 420 0
420 132 0
132 578 33
578 913 17
913 141 0
141 2398 53
2398 221 0
221 608 24
608 1519 33
1519 150 0
150 28 24
28 741 60
741 2363 0
2363 135 0
135 6 0
6 131 24
131 408 0
408 111 37
111 226 33
226 2361 69
2361 5 0
5 1029 83
1029 1321 24
1321 1323 0
1323 1257 37
1257 3394 33
3394 3393 0
3393 2888 85
2888 2887 24
2887 1136 60
1136 1487 0
1487 1134 0
1134 1735 17
1735 1259 71
1259 1260 0
1260 1261 0
1261 2714 83
2714 1828 0
1828 2945 0
2945 485 24
485 9 71
9 1466 69
1466 2206 53
2206 3412 50
3412 2860 0
2860 3413 0
3413 1442 24
1442 1384 50
1384 1379 0
1379 1383 0
1383 1380 0
1380 766 85
766 320 53
320 324 0
324 284 0
284 162 0
162 1237 53
1237 1238 0
1238 1236 0
1236 2678 37
2678 2339 0
2339 1105 17
1105 1478 0
1478 2663 60
2663 2598 90
2598 1403 0
1403 1089 37
1089 1666 0
1666 386 0
386 971 0
971 1504 71
1504 2912 85
2912 759 0
759 3397 24
3397 2857 0
2857 172 0
172 1600 47
1600 2616 0
2616 734 107
734 1597 0
1597 2298 53
2298 1940 0
1940 1950 101
1950 2617 0
2617 3447 47
3447 764 0
764 1661 60
1661 337 0
337 2050 24
2050 3192 0
3192 3147 53
3147 1537 0
1537 1569 24
1569 2505 53
2505 1913 37
1913 1409 0
1409 1337 37
1337 2306 37
2306 2638 47
2638 668 53
668 641 37
641 102 20
102 2511 25
2511 871 17
871 153 33
153 154 0
154 1678 0
1678 169 67
169 2898 0
2898 2897 0
2897 994 69
994 2994 47
2994 3052 0
3052 7 37
7 2365 0
2365 845 33
845 843 0
843 841 0
841 2940 0
2940 837 0
837 842 0
842 835 0
835 3377 50
3377 3376 0
3376 1553 0
1553 2161 17
2161 3378 50
3378 2853 0
2853 3031 37
3031 633 37
633 635 0
635 632 0
632 639 0
639 401 97
401 402 0
402 403 0
403 425 127
425 353 47
353 1100 0
1100 1713 71
1713 1381 0
1381 1711 0
1711 1213 50
1213 1540 50
1540 2087 17
2087 606 90
606 609 0
609 3064 93
3064 2892 44
2892 1767 0
1767 1765 0
1765 2893 0
2893 1522 33
1522 1975 50
1975 2237 50
2237 3168 17
3168 3490 74
3490 2051 66
2051 2865 53
2865 2288 47
2288 1452 33
1452 539 0
539 1893 37
1893 2618 17
2618 2030 37
2030 1187 33
1187 3439 0
3439 2492 0
2492 1254 17
1254 773 17
773 2724 17
2724 1755 24
1755 2438 33
2438 3489 33
3489 3219 6
3219 1841 17
1841 1368 27
1368 1369 42
1369 2610 0
2610 1591 0
1591 1372 0
1372 1699 26
1699 2712 33
2712 702 37
702 2075 53
2075 694 37
694 2011 24
2011 1664 17
1664 661 24
661 2389 17
2389 2670 24
2670 3047 33
3047 3049 0
3049 1014 24
1014 1518 17
1518 579 24
579 1505 37
1505 2233 37
2233 2234 17
2234 2236 0
2236 1797 17
1797 1503 37
1503 1679 37
1679 1005 35
1005 1812 29
1812 2952 37
2952 2768 24
2768 1490 24
1490 1160 0
1160 1163 0
1163 2456 17
2456 955 0
955 888 17
888 1508 24
1508 2535 0
2535 2866 24
2866 389 12
389 2446 0
2446 1658 21
1658 1460 17
1460 245 0
245 2736 24
2736 611 17
611 2653 17
2653 1717 37
1717 1387 0
1387 978 24
978 687 33
687 909 47
909 3195 17
3195 2941 33
2941 1662 50
1662 1531 33
1531 1886 17
1886 445 17
445 2062 17
2062 498 37
498 2658 37
2658 2275 0
2275 2277 0
2277 2566 47
2566 1116 37
1116 92 17
92 2862 37
2862 622 37
622 2676 17
2676 670 37
670 3107 33
3107 2523 0
2523 3484 22
3484 11 0
11 1654 0
1654 12 0
12 2385 0
2385 176 0
176 2953 11
2953 3120 0
3120 1252 17
1252 2568 0
2568 1430 24
1430 612 44
612 832 24
832 165 37
165 2496 17
2496 1092 0
1092 985 33
985 1814 0
1814 645 17
645 2278 24
2278 777 33
777 2175 37
2175 2631 0
2631 2987 0
2987 1007 17
1007 1778 0
1778 3079 0
3079 3096 0
3096 808 45
808 2824 51
2824 2984 17
2984 567 37
567 546 37
546 1733 24
1733 1342 24
1342 1768 17
1768 3095 0
3095 1502 17
1502 3088 0
3088 1483 24
1483 3087 0
3087 3424 17
3424 3493 23
3493 281 28
281 1791 17
1791 2990 24
2990 3292 17
3292 1456 24
1456 2404 24
2404 1605 17
1605 1718 17
1718 478 24
478 1458 17
1458 3386 24
3386 3289 37
3289 3372 0
3372 774 24
774 1858 47
1858 1985 24
1985 713 0
713 2643 17
2643 1247 17
1247 326 33
326 2293 24
2293 1758 0
1758 3420 24
3420 742 24
742 735 0
735 3162 17
3162 537 24
537 96 26
96 95 0
95 99 0
99 2495 0
2495 100 0
100 1082 0
1082 1265 24
1265 2576 0
2576 2367 24
2367 138 15
138 3491 0
3491 1836 20
1836 1872 53
1872 1356 24
1356 3176 17
3176 1011 17
1011 2036 50
2036 3156 60
3156 1327 53
1327 1065 0
1065 2564 24
2564 1871 17
1871 280 24
280 1039 69
1039 1129 0
1129 2811 37
2811 325 71
325 2330 37
2330 3034 47
3034 770 17
770 763 0
763 1224 24
1224 1842 50
1842 3387 50
3387 3229 33
3229 1423 53
1423 2027 100
2027 2540 33
2540 2949 0
2949 2950 0
2950 3150 69
3150 2796 0
2796 1111 37
1111 1672 37
1672 990 53
990 2460 0
2460 2777 94
2777 2421 85
2421 1051 0
1051 318 0
318 316 0
316 544 60
544 1761 24
1761 2494 37
2494 693 37
693 1634 33
1634 1078 33
1078 121 69
121 848 47
848 2734 33
2734 2238 0
2238 2235 0
2235 94 24
94 2242 0
2242 889 37
889 3063 0
3063 404 17
404 418 0
418 1481 24
1481 254 33
254 2167 0
2167 1159 60
1159 3379 69
3379 2307 37
2307 1934 24
1934 1917 0
1917 409 17
409 237 0
237 949 17
949 2449 0
2449 558 17
558 376 37
376 396 0
396 585 24
585 1786 33
1786 1343 24
1343 2026 33
2026 1987 17
1987 1844 17
1844 8 37
8 1058 0
1058 2369 0
2369 1439 24
1439 3085 0
3085 680 17
680 3055 33
3055 2843 33
2843 3333 0
3333 2500 37
2500 2675 17
2675 623 37
623 343 0
343 390 0
390 1732 17
1732 2200 17
2200 1330 0
1330 1977 33
1977 2342 0
2342 234 17
234 1969 24
1969 545 24
545 802 17
802 122 17
122 3316 17
3316 2530 24
2530 776 37
776 427 0
427 765 0
765 859 24
859 2320 17
2320 1196 17
1196 3083 0
3083 2376 24
2376 1195 24
1195 3082 0
3082 2959 47
2959 1585 33
1585 2836 53
2836 3325 0
3325 1072 0
1072 1068 17
1068 2996 33
2996 1070 17
1070 1074 0
1074 2488 37
2488 1018 0
1018 812 17
812 1748 17
1748 1921 0
1921 2975 33
2975 499 24
499 2483 0
2483 3036 24
3036 1948 17
1948 1621 0
1621 2506 0
2506 2165 17
2165 110 24
110 2378 0
2378 1555 17
1555 1823 17
1823 760 24
760 1599 17
1599 1506 33
1506 821 17
821 674 37
674 236 17
236 2543 37
2543 217 24
217 772 17
772 979 17
979 643 17
643 1419 24
1419 399 24
399 1470 17
1470 580 0
580 2020 17
2020 1554 37
1554 916 24
916 2074 37
2074 2739 17
2739 2529 37
2529 1883 37
1883 1781 0
1781 1385 17
1385 738 33
738 2319 33
2319 448 17
448 2202 24
2202 2948 33
2948 2012 17
2012 1223 0
1223 3041 33
3041 89 17
89 2154 24
2154 1806 17
1806 1701 17
1701 3286 17
3286 114 17
114 488 33
488 910 17
910 3492 18
3492 1113 10
1113 1114 0
1114 663 11
663 2178 37
2178 904 17
904 3002 24
3002 2199 0
2199 917 0
917 2999 50
2999 3000 0
3000 1191 24
1191 1123 24
1123 2201 0
2201 2515 0
2515 1207 0
1207 2000 24
2000 394 33
394 2289 24
2289 548 33
548 922 37
922 1362 17
1362 596 24
596 1122 24
1122 1202 0
1202 1693 17
1693 1420 17
1420 3221 17
3221 1225 17
1225 1221 0
1221 2781 37
2781 597 37
597 1870 37
1870 502 17
502 2637 17
2637 1907 17
1907 2082 17
2082 1869 17
1869 1042 17
1042 452 17
452 2962 24
2962 2951 0
2951 2963 0
2963 2961 0
2961 1720 17
1720 2397 17
2397 317 33
317 2423 0
2423 2198 24
2198 2779 24
2779 2986 33
2986 1131 0
1131 1038 30
1038 1040 0
1040 656 17
656 477 0
477 703 24
703 918 17
918 2028 24
2028 849 17
849 288 31
288 715 23
715 919 17
919 2988 24
2988 2985 0
2985 246 0
246 451 17
451 1485 17
1485 2757 37
2757 429 17
429 501 17
501 2732 17
2732 2966 0
2966 3100 17
3100 1941 0
1941 2179 17
2179 1608 33
1608 2290 19
2290 2431 24
2431 2400 17
2400 1632 17
1632 2754 17
2754 1472 0
1472 2477 17
2477 2001 37
2001 3164 24
3164 626 37
626 2752 24
2752 956 37
956 957 0
957 1724 37
1724 3494 11
3494 1897 13
1897 549 37
549 282 24
282 2419 0
2419 430 37
430 2401 17
2401 926 33
926 676 33
676 2850 33
2850 1552 0
1552 2852 0
2852 1792 17
1792 1793 0
1793 3071 17
3071 1165 17
1165 1556 17
1556 3374 17
3374 2780 17
2780 1414 17
1414 2239 17
2239 2032 0
2032 3057 0
3057 705 17
705 880 17
880 814 17
814 517 47
517 1807 47
1807 1721 17
1721 613 24
613 481 17
481 3410 24
3410 581 17
581 3409 0
3409 3411 0
3411 1723 37
1723 706 24
706 415 24
415 1861 17
1861 1173 0
1173 1860 0
1860 107 37
107 431 37
431 1818 37
1818 453 0
453 2185 24
2185 2427 31
2427 1130 24
1130 1071 34
1071 876 0
876 1060 0
1060 2428 0
2428 322 0
322 1062 0
1062 1827 35
1827 3495 7
3495 782 13
782 783 53
783 2858 47
2858 222 14
222 2403 0
2403 1762 7
1762 2408 37
2408 959 47
959 355 53
355 2481 37
2481 797 17
797 2766 37
2766 2651 37
2651 2267 0
2267 1374 24
1374 2652 37
2652 718 37
718 3311 24
3311 2048 17
2048 3190 0
3190 719 24
719 3302 0
3302 259 24
259 3300 0
3300 3315 24
3315 1512 37
1512 707 24
707 2386 47
2386 677 17
677 3076 0
3076 2551 17
2551 1302 23
1302 1303 0
1303 2827 36
2827 3252 0
3252 1612 37
1612 2029 33
2029 3056 0
3056 2484 24
2484 1979 17
1979 724 24
724 163 24
163 1833 24
1833 884 24
884 2688 37
2688 2773 37
2773 469 17
469 1745 17
1745 833 33
833 2560 37
2560 2462 24
2462 1863 27
1863 1174 0
1174 1864 0
1864 1865 0
1865 1538 28
1538 574 33
574 3360 33
3360 1691 37
1691 2439 37
2439 1066 23
1066 1349 0
1349 1351 0
1351 3483 9
3483 1266 39
1266 980 53
980 450 24
450 1681 17
1681 3101 32
3101 1955 0
1955 449 22
449 1873 17
1873 271 0
271 2414 0
2414 3310 0
3310 247 53
247 225 0
225 289 0
289 2052 69
2052 2170 33
2170 3121 24
3121 3137 0
3137 1813 15
1813 1022 26
1022 2177 47
2177 423 17
423 3486 21
3486 2047 0
2047 3485 0
3485 3103 0
3103 3487 24
3487 2750 15
2750 3115 0
3115 3117 24
3117 885 0
885 527 37
527 3488 14
3488 3113 12
3113 2679 0
2679 515 24
515 3313 26
3313 293 0
293 893 12
893 568 17
568 1459 17
1459 2545 50
2545 943 33
943 1822 60
1822 560 17
560 0 47