0 5 329
5 7 69
7 15 102
15 12 78
12 22 67
22 24 30
24 13 74
13 10 40
10 6 107
6 16 143
16 25 86
25 23 4
23 20 49
20 17 16
17 32 46
32 27 33
27 28 24
28 21 20
21 26 46
26 36 33
36 44 40
44 56 25
56 59 31
59 68 51
68 73 36
73 71 44
71 77 37
77 74 20
74 75 55
75 86 65
86 79 50
79 70 62
70 81 120
81 61 116
61 58 13
58 35 46
35 62 98
62 19 125
19 64 110
64 84 106
84 85 13
85 97 89
97 89 90
89 88 34
88 93 41
93 98 30
98 100 16
100 103 33
103 110 39
110 129 188
129 126 88
126 124 46
124 125 8
125 131 61
131 133 11
133 136 50
136 139 25
139 144 26
144 155 60
155 148 75
148 145 19
145 141 26
141 137 63
137 138 20
138 153 68
153 156 27
156 152 31
152 149 21
149 143 20
143 140 43
140 151 45
151 146 43
146 150 58
150 154 36
154 161 73
161 157 26
157 158 26
158 164 42
164 167 35
167 166 38
166 169 33
169 179 42
179 177 19
177 180 42
180 176 19
176 183 39
183 174 49
174 172 34
172 173 3
173 178 33
178 171 26
171 163 77
163 162 24
162 160 12
160 168 61
168 175 48
175 181 37
181 193 79
193 185 77
185 182 21
182 186 24
186 189 25
189 191 48
191 190 11
190 188 9
188 187 29
187 192 61
192 184 83
184 170 57
170 165 51
165 159 68
159 147 89
147 142 30
142 135 72
135 130 38
130 128 54
128 134 28
134 132 34
132 127 74
127 123 51
123 122 10
122 119 81
119 120 37
120 116 45
116 115 24
115 114 24
114 111 37
111 109 8
109 99 69
99 107 74
107 106 1
106 104 26
104 105 22
105 117 105
117 121 121
121 118 91
118 113 100
113 112 64
112 108 26
108 101 97
101 102 66
102 90 74
90 92 50
92 95 17
95 94 12
94 96 19
96 91 23
91 87 35
87 82 35
82 78 27
78 80 4
80 83 37
83 76 47
76 69 39
69 63 26
63 67 33
67 65 26
65 72 24
72 66 19
66 60 16
60 50 21
50 46 10
46 38 12
38 33 13
33 39 10
39 42 8
42 57 15
57 55 8
55 52 7
52 51 1
51 47 3
47 53 6
53 54 9
54 49 9
49 48 9
48 41 6
41 43 6
43 45 7
45 40 5
40 37 5
37 34 13
34 30 16
30 31 14
31 29 10
29 18 73
18 14 45
14 11 71
11 9 50
9 8 6
8 4 109
4 2 229
2 1 195
1 3 150
3 0 370