0 715 0
715 730 16
730 19 0
19 373 70
373 336 0
336 1276 34
1276 1345 0
1345 570 37
570 1153 0
1153 1403 17
1403 1327 0
1327 209 4
209 919 13
919 238 0
238 1211 17
1211 636 0
636 1450 53
1450 332 65
332 1001 0
1001 707 33
707 1269 0
1269 1526 121
1526 511 94
511 1108 0
1108 826 24
826 125 0
125 409 24
409 1032 0
1032 257 41
257 934 0
934 941 39
941 266 0
266 661 33
661 1229 0
1229 1264 17
1264 701 0
701 762 37
762 54 0
54 1393 67
1393 1318 0
1318 77 13
77 430 0
430 1190 34
1190 612 0
612 521 37
521 1112 0
1112 691 17
691 1257 0
1257 1209 24
1209 633 0
633 165 28
165 203 0
203 953 23
953 278 0
278 52 17
52 760 0
760 786 33
786 82 0
82 1019 37
1019 352 0
352 1480 43
1480 882 5
882 193 0
193 1263 24
1263 700 0
700 854 47
854 157 0
157 204 37
204 852 0
852 892 0
892 791 69
791 87 0
87 548 44
548 1134 0
1134 1448 34
1448 378 44
378 442 0
442 598 0
598 137 0
137 1460 17
1460 642 10
642 360 14
360 216 0
216 144 0
144 321 33
321 991 0
991 680 60
680 541 0
541 1246 0
1246 283 17
283 957 0
957 1459 38
1459 1055 53
1055 446 0
446 1408 37
1408 1331 0
1331 1462 20
1462 1464 53
1464 530 9
530 1119 0
1119 341 17
341 1008 0
1008 1268 37
1268 706 0
706 1463 58
1463 1465 9
1465 716 31
716 1 0
1 1034 17
1034 412 0
412 705 17
705 1267 0
1267 1104 24
1104 507 0
507 508 24
508 1105 0
1105 848 17
848 152 0
152 958 33
958 284 0
284 922 32
922 241 0
241 405 37
405 1029 0
1029 1476 63
1476 1477 47
1477 538 89
538 1125 0
1125 1083 17
1083 481 0
481 997 37
997 327 0
327 1026 17
1026 402 0
402 1481 4
1481 578 34
578 1161 0
1161 844 53
844 147 0
147 351 47
351 1018 0
1018 1484 63
1484 725 93
725 13 0
13 1482 38
1482 35 12
35 743 0
743 932 17
932 254 0
254 732 37
732 23 0
23 944 24
944 269 0
269 1374 17
1374 1300 0
1300 1080 17
1080 478 0
478 902 24
902 217 0
217 414 47
414 1036 0
1036 1483 45
1483 192 9
192 881 0
881 1173 97
1173 2 0
2 593 0
593 654 0
654 339 64
339 407 31
407 518 50
518 1110 0
1110 6 24
6 720 0
720 1123 24
1123 535 0
535 1541 26
1541 1525 0
1525 553 10
553 1138 0
1138 443 44
443 379 0
379 493 17
493 1093 0
1093 494 0
494 1030 11
1030 406 0
406 949 77
949 274 0
274 1017 17
1017 350 0
350 572 17
572 1155 0
1155 422 17
422 1043 0
1043 400 0
400 812 17
812 111 0
111 240 53
240 921 0
921 912 17
912 228 0
228 968 53
968 295 0
295 401 24
401 1025 0
1025 426 17
426 1046 0
1046 1060 24
1060 453 0
453 597 24
597 1176 0
1176 156 53
156 853 0
853 145 107
145 842 0
842 1128 17
1128 542 0
542 533 85
533 1122 0
1122 1129 37
1129 543 0
543 1236 30
1236 669 0
669 1447 44
1447 1413 136
1413 1335 0
1335 212 24
212 899 0
899 213 0
213 1533 124
1533 1532 91
1532 532 126
532 1121 0
1121 1410 36
1410 517 13
517 519 0
519 91 75
91 506 100
506 587 58
587 1591 88
1591 1530 95
1530 1588 47
1588 1580 64
1580 1527 45
1527 1351 115
1351 1398 0
1398 1323 0
1323 1584 83
1584 972 53
972 299 0
299 1579 43
1579 1181 18
1181 603 0
603 1446 13
1446 1188 58
1188 610 0
610 1592 44
1592 871 25
871 178 0
178 1170 33
1170 590 0
590 1048 33
1048 429 0
429 591 33
591 1171 0
1171 745 17
745 37 0
37 1594 15
1594 1593 27
1593 107 33
107 807 0
807 1595 33
1595 461 35
461 1067 0
1067 1578 50
1578 1096 17
1096 497 0
497 1325 1
1325 1401 0
1401 1577 31
1577 418 7
418 1039 0
1039 924 33
924 245 0
245 326 4
326 996 0
996 231 33
231 915 0
915 1572 19
1572 818 12
818 117 0
117 1571 22
1571 251 10
251 929 0
929 671 17
671 670 0
670 1237 0
1237 63 16
63 768 0
768 454 9
454 1061 0
1061 273 17
273 948 0
948 1511 5
1511 48 21
48 756 0
756 1574 24
1574 1573 21
1573 12 22
12 724 0
724 194 17
194 883 0
883 1576 40
1576 1581 60
1581 1582 39
1582 1583 31
1583 1585 54
1585 1528 37
1528 1586 37
1586 1587 48
1587 1529 47
1529 1531 9
1531 1589 44
1589 1590 31
1590 1524 45
1524 392 45
392 692 0
692 1522 43
1522 80 40
80 784 0
784 595 37
595 1174 0
1174 733 37
733 24 0
24 1575 50
1575 1248 46
1248 682 0
682 537 24
537 1124 0
1124 552 38
552 1137 0
1137 1570 17
1570 167 29
167 864 0
864 1249 24
1249 683 0
683 1203 24
1203 626 0
626 900 33
900 214 0
214 1065 37
1065 458 0
458 280 64
280 955 0
955 987 45
987 316 0
316 363 24
363 176 0
176 1512 12
1512 1600 24
1600 880 23
880 191 0
191 196 37
196 885 0
885 928 37
928 250 0
250 267 24
267 942 0
942 1596 18
1596 563 16
563 1148 0
1148 1069 24
1069 466 0
466 340 24
340 1007 0
1007 608 23
608 1186 0
1186 207 34
207 895 0
895 164 33
164 860 0
860 658 15
658 657 0
657 366 25
366 234 0
234 977 24
977 304 0
304 684 6
684 1510 0
1510 1250 0
1250 861 32
861 873 0
873 180 0
180 331 33
331 1000 0
1000 1166 47
1166 583 0
583 122 33
122 823 0
823 161 78
161 857 0
857 890 6
890 201 0
201 455 101
455 1062 0
1062 1340 37
1340 1418 0
1418 1443 98
1443 1444 57
1444 55 81
55 763 0
763 672 17
672 1238 0
1238 1243 37
1243 677 0
677 372 33
372 310 0
310 38 21
38 746 0
746 1309 17
1309 1383 0
1383 1616 13
1616 20 46
20 731 0
731 769 17
769 64 0
64 1615 27
1615 313 47
313 984 0
984 151 24
151 361 0
361 655 69
655 1226 0
1226 1120 37
1120 531 0
531 367 12
367 1543 0
1543 236 0
236 279 40
279 954 0
954 364 17
364 177 0
177 498 24
498 1097 0
1097 377 41
377 437 0
437 1152 26
1152 569 0
569 1100 60
1100 502 0
502 1283 83
1283 1356 0
1356 1011 24
1011 344 0
344 1613 29
1613 722 21
722 10 0
10 1349 48
1349 1279 0
1279 559 24
559 1144 0
1144 1051 28
1051 439 0
439 440 0
440 141 36
141 840 0
840 653 17
653 390 0
390 1614 17
1614 1620 44
1620 1296 18
1296 1370 0
1370 370 39
370 1535 0
1535 256 0
256 1612 24
1612 619 21
619 1197 0
1197 1609 13
1609 723 17
723 11 0
11 305 24
305 371 0
371 1607 26
1607 1146 35
1146 561 0
561 1608 49
1608 1436 36
1436 1514 35
1514 292 12
292 964 0
964 1603 21
1603 1602 11
1602 1357 18
1357 1284 0
1284 1605 25
1605 1244 36
1244 678 0
678 581 33
581 1164 0
1164 775 37
775 70 0
70 395 17
395 7 0
7 702 0
702 427 17
427 1047 0
1047 1606 11
1606 445 9
445 1536 0
1536 1054 0
1054 1347 39
1347 1277 0
1277 656 17
656 1227 0
1227 362 17
362 171 0
171 1610 33
1610 1396 16
1396 1321 0
1321 1084 24
1084 482 0
482 872 37
872 179 0
179 1618 13
1618 1619 14
1619 796 16
796 93 0
93 1617 15
1617 520 43
520 1111 0
1111 585 17
585 1168 0
1168 573 33
573 1156 0
1156 1157 17
1157 574 0
574 875 37
875 185 0
185 59 17
59 357 0
357 1151 47
1151 567 0
567 1417 50
1417 1339 0
1339 568 17
568 385 0
385 1611 21
1611 888 21
888 199 0
199 588 37
588 386 0
386 632 50
632 388 0
388 1513 29
1513 1099 11
1099 501 0
501 8 47
8 721 0
721 1598 37
1598 1597 17
1597 1405 13
1405 1346 0
1346 893 26
893 205 0
205 315 17
315 986 0
986 1604 7
1604 995 6
995 325 0
325 1601 43
1601 1117 32
1117 528 0
528 172 18
172 867 0
867 170 33
170 866 0
866 1095 47
1095 496 0
496 1424 33
1424 29 24
29 737 0
737 1599 31
1599 1306 39
1306 1380 0
1380 1569 26
1569 1354 13
1354 1281 0
1281 1311 35
1311 1386 0
1386 925 17
925 247 0
247 1079 24
1079 477 0
477 1307 24
1307 1381 0
1381 1071 17
1071 468 0
468 545 17
545 1131 0
1131 1519 20
1519 1140 13
1140 555 0
555 1568 18
1568 1567 15
1567 863 23
863 168 0
168 1033 17
1033 410 0
410 1059 33
1059 452 0
452 1565 22
1565 1234 20
1234 667 0
667 641 17
641 222 0
222 227 0
227 911 0
911 1563 15
1563 1292 14
1292 1366 0
1366 1564 16
1564 1566 22
1566 1521 16
1521 219 21
219 904 0
904 990 24
990 320 0
320 383 24
383 549 0
549 1555 15
1555 1208 31
1208 631 0
631 1554 33
1554 611 6
611 1189 0
1189 464 0
464 1445 0
1445 1247 23
1247 681 0
681 434 17
434 803 0
803 102 0
102 1420 17
1420 1342 0
1342 1552 20
1552 1553 26
1553 1551 32
1551 1162 10
1162 579 0
579 1550 38
1550 237 38
237 918 0
918 556 14
556 1141 0
1141 509 22
509 1106 0
1106 1556 26
1556 123 6
123 824 0
824 1118 10
1118 529 0
529 1549 45
1549 318 74
318 988 0
988 566 47
566 1150 0
1150 971 33
971 298 0
298 643 17
643 1216 0
1216 1548 22
1548 353 16
353 1020 0
1020 1523 22
1523 1547 40
1547 1544 26
1544 174 14
174 869 0
869 381 26
381 512 0
512 1545 27
1545 1546 15
1546 163 29
163 859 0
859 513 4
513 514 0
514 1557 29
1557 539 3
539 1126 0
1126 1559 17
1559 1560 10
1560 1558 29
1558 1561 23
1561 1520 16
1520 368 22
368 387 0
387 594 0
594 1562 13
1562 926 57
926 248 0
248 839 17
839 140 0
140 1518 38
1518 550 31
550 1135 0
1135 1350 37
1350 396 0
396 719 6
719 5 0
5 536 17
536 382 0
382 1204 7
1204 627 0
627 1516 21
1516 802 30
802 101 0
101 103 24
103 358 0
358 210 24
210 897 0
897 901 24
901 215 0
215 774 33
774 69 0
69 259 33
259 936 0
936 753 17
753 45 0
45 1187 17
1187 609 0
609 765 17
765 57 0
57 729 18
729 17 0
17 836 30
836 136 0
136 766 24
766 58 0
58 1402 17
1402 1326 0
1326 83 55
83 1487 61
1487 526 26
526 1115 0
1115 1399 50
1399 108 0
108 808 0
808 809 0
809 286 50
286 285 0
285 950 76
950 275 0
275 182 70
182 623 11
623 617 25
617 465 0
465 1195 0
1195 1485 10
1485 1169 29
1169 589 0
589 1486 69
1486 1478 112
1478 828 88
828 127 0
127 211 0
211 898 0
898 907 37
907 223 0
223 1073 0
1073 470 0
470 1497 25
1497 239 21
239 920 0
920 835 37
835 135 0
135 1049 37
1049 431 0
431 1285 24
1285 1358 0
1358 1142 17
1142 557 0
557 399 17
399 1024 0
1024 1539 64
1539 974 0
974 301 0
301 307 13
307 979 0
979 420 24
420 1041 0
1041 450 50
450 1058 0
1058 1425 74
1425 1004 28
1004 335 0
335 68 50
68 773 0
773 1198 17
1198 620 0
620 206 17
206 894 0
894 62 17
62 767 0
767 495 33
495 1094 0
1094 1495 1
1495 586 16
586 300 17
300 973 0
973 601 17
601 1179 0
1179 319 17
319 989 0
989 18 24
18 15 0
15 727 0
727 1344 0
1344 1494 11
1494 1241 20
1241 675 0
675 1086 50
1086 484 0
484 1074 17
1074 471 0
471 1254 17
1254 688 0
688 129 17
129 830 0
830 584 0
584 1167 0
1167 1289 17
1289 638 0
638 1213 0
1213 1363 0
1363 1503 5
1503 832 13
832 132 0
132 785 33
785 81 0
81 67 24
67 772 0
772 270 24
270 945 0
945 1333 24
1333 1411 0
1411 1063 53
1063 456 0
456 229 0
229 913 0
913 1496 25
1496 342 25
342 960 0
960 1009 0
1009 288 0
288 1223 24
1223 771 0
771 650 0
650 66 0
66 403 17
403 1027 0
1027 1490 38
1490 337 67
337 1005 0
1005 1489 61
1489 1488 17
1488 60 94
60 61 0
61 534 96
534 1517 99
1517 128 32
128 829 0
829 1207 17
1207 630 0
630 1191 33
1191 613 0
613 41 17
41 749 0
749 1378 24
1378 1304 0
1304 71 12
71 776 0
776 1515 17
1515 1077 33
1077 474 0
474 1053 24
1053 444 0
444 994 0
994 324 0
324 663 24
663 1231 0
1231 277 24
277 952 0
952 551 24
551 1136 0
1136 1369 17
1369 1295 0
1295 946 37
946 271 0
271 1534 11
1534 374 26
374 411 0
411 621 25
621 1199 0
1199 624 10
624 1201 0
1201 615 24
615 1193 0
1193 384 33
384 565 0
565 74 17
74 779 0
779 1368 17
1368 1294 0
1294 664 33
664 391 0
391 289 24
289 961 0
961 1400 37
1400 1324 0
1324 476 7
476 459 0
459 143 0
143 1178 35
1178 1362 0
1362 1288 0
1288 600 0
600 1384 37
1384 1385 0
1385 1310 0
1310 1159 47
1159 576 0
576 287 33
287 959 0
959 1438 22
1438 1360 9
1360 1287 0
1287 1280 24
1280 1353 0
1353 1085 37
1085 483 0
483 198 60
198 887 0
887 515 21
515 1109 0
1109 1359 11
1359 1286 0
1286 622 25
622 1200 0
1200 1435 14
1435 114 7
114 815 0
815 1433 25
1433 65 21
65 770 0
770 1506 25
1506 1252 13
1252 686 0
686 1031 24
1031 408 0
408 1434 26
1434 665 41
665 1232 0
1232 1432 2
1432 88 16
88 792 0
792 790 0
790 1505 33
1505 1262 2
1262 699 0
699 1242 24
1242 676 0
676 648 37
648 1221 0
1221 999 37
999 329 0
329 1504 15
1504 740 28
740 32 0
32 674 33
674 1240 0
1240 970 17
970 297 0
297 781 17
781 76 0
76 1293 17
1293 1367 0
1367 592 17
592 1172 0
1172 998 24
998 330 0
330 328 0
328 1107 25
1107 510 0
510 1274 16
1274 714 0
714 956 7
956 282 0
282 308 17
308 980 0
980 845 24
845 148 0
148 782 17
782 78 0
78 780 17
780 75 0
75 930 33
930 252 0
252 1313 24
1313 1388 0
1388 96 17
96 799 0
799 614 33
614 1192 0
1192 1183 33
1183 343 0
343 1010 0
1010 605 0
605 488 33
488 487 0
487 1089 0
1089 910 17
910 226 0
226 606 33
606 1184 0
1184 56 24
56 764 0
764 1508 12
1508 158 6
158 855 0
855 805 17
805 105 0
105 1507 5
1507 797 26
797 94 0
94 1409 17
1409 1332 0
1332 1437 2
1437 814 31
814 113 0
113 131 24
131 831 0
831 359 24
359 130 0
130 1423 17
1423 917 17
917 233 0
233 788 24
788 85 0
85 72 17
72 777 0
777 1509 21
1509 1225 5
1225 652 0
652 188 8
188 877 0
877 460 17
460 1066 0
1066 303 47
303 976 0
976 546 0
546 1132 0
1132 1239 17
1239 673 0
673 787 33
787 84 0
84 689 50
689 1255 0
1255 1196 24
1196 618 0
618 479 24
479 1081 0
1081 628 24
628 1205 0
1205 302 24
302 975 0
975 1502 13
1502 914 21
914 757 0
757 230 0
230 49 0
49 1348 17
1348 1278 0
1278 104 17
104 804 0
804 1299 24
1299 1373 0
1373 1256 24
1256 690 0
690 660 15
660 694 34
694 1258 0
1258 1499 29
1499 811 20
811 436 0
436 110 0
110 726 33
726 14 0
14 112 0
112 813 0
813 1228 32
1228 659 0
659 154 54
154 850 0
850 728 37
728 16 0
16 1500 13
1500 789 10
789 86 0
86 1072 37
1072 469 0
469 97 32
97 98 28
98 800 0
800 1217 24
1217 644 0
644 491 26
491 490 17
490 1091 0
1091 492 33
492 1092 0
1092 162 17
162 858 0
858 1103 85
1103 505 0
505 1501 5
1501 1037 19
1037 415 0
415 134 24
134 1158 0
1158 575 0
575 834 0
834 1498 27
1498 752 15
752 44 0
44 89 24
89 793 0
793 1130 37
1130 40 0
40 748 0
748 544 0
544 1493 22
1493 1334 23
1334 1412 0
1412 1088 24
1088 486 0
486 272 17
272 947 0
947 1233 37
1233 666 0
666 1022 24
1022 397 0
397 433 37
433 1050 0
1050 685 17
685 1251 0
1251 554 17
554 1139 0
1139 1414 17
1414 1336 0
1336 153 17
153 849 0
849 750 0
750 42 0
42 346 17
346 1013 0
1013 1023 17
1023 398 0
398 1492 2
1492 1387 16
1387 1312 0
1312 1428 29
1428 1431 52
1431 1087 41
1087 485 0
485 1429 8
1429 1035 21
1035 413 0
413 1305 18
1305 1379 0
1379 1308 6
1308 1382 0
1382 801 17
801 100 0
100 943 21
943 268 0
268 345 13
345 1012 0
1012 1491 17
1491 1430 23
1430 1298 27
1298 1372 0
1372 754 0
754 46 0
46 1397 17
1397 1322 0
1322 90 37
90 794 0
794 640 33
640 1215 0
1215 916 17
916 39 0
39 232 0
232 747 0
747 1180 3
1180 602 0
602 1538 0
1538 133 38
133 833 0
833 1537 0
1537 1165 22
1165 582 0
582 810 24
810 489 0
489 1090 0
1090 109 0
109 1078 17
1078 475 0
475 868 9
868 173 0
173 647 25
647 1404 0
1404 1220 0
1220 1328 0
1328 1143 17
1143 558 0
558 149 17
149 846 0
846 1042 24
1042 421 0
421 1341 24
1341 1419 0
1419 560 11
560 1145 0
1145 751 5
751 43 0
43 778 37
778 73 0
73 1427 38
1427 1057 52
1057 449 0
449 1082 97
1082 480 0
480 540 17
540 1127 0
1127 889 47
889 200 0
200 1185 24
1185 607 0
607 244 9
244 923 0
923 503 38
503 1101 0
1101 120 50
120 821 0
821 1390 17
1390 119 0
119 1315 0
1315 820 0
820 1314 17
1314 1389 0
1389 208 33
208 896 0
896 225 17
225 909 0
909 1038 17
1038 416 0
416 1426 3
1426 963 21
963 291 0
291 106 17
106 806 0
806 1479 47
1479 428 100
428 516 67
516 1473 22
1473 1440 104
1440 1474 68
1474 1475 112
1475 703 73
703 1265 0
1265 1006 66
1006 338 0
338 822 17
822 121 0
121 827 17
827 126 0
126 1154 37
1154 571 0
571 704 17
704 1266 0
1266 1471 23
1471 1045 10
1045 424 0
424 425 0
425 263 17
263 939 0
939 499 37
499 978 37
978 306 0
306 294 24
294 967 0
967 616 17
616 1194 0
1194 1076 15
1076 473 0
473 596 29
596 1175 0
1175 1472 17
1472 1015 7
1015 348 0
348 1364 21
1364 1290 0
1290 891 54
891 202 0
202 1273 24
1273 713 0
713 1392 17
1392 1317 0
1317 992 17
992 322 0
322 1260 17
1260 696 0
696 246 37
246 1449 0
1449 965 0
965 695 23
695 1259 0
1259 870 8
870 175 0
175 138 24
138 837 0
837 1320 17
1320 1395 0
1395 1303 24
1303 1377 0
1377 646 17
646 1219 0
1219 645 24
645 1218 0
1218 1338 24
1338 1416 0
1416 1222 24
1222 649 0
649 951 17
951 276 0
276 1415 17
1415 1337 0
1337 758 33
758 50 0
50 905 17
905 220 0
220 817 17
817 116 0
116 577 24
577 1160 0
1160 1470 22
1470 982 31
982 311 0
311 1469 16
1469 1003 28
1003 334 0
334 712 17
712 27 0
27 296 26
296 969 0
969 819 4
819 438 0
438 118 0
118 1224 21
1224 651 0
651 290 33
290 962 0
962 938 17
938 262 0
262 1270 17
1270 708 0
708 1468 11
1468 717 6
717 3 0
3 181 13
181 874 0
874 679 4
679 1245 0
1245 1439 21
1439 9 17
9 710 0
710 1271 0
1271 264 12
264 940 0
940 265 0
265 467 9
467 1070 0
1070 189 17
189 878 0
878 851 24
851 155 0
155 47 10
47 755 0
755 218 31
218 903 0
903 1202 69
1202 625 0
625 825 20
825 124 0
124 1163 4
1163 580 0
580 312 17
312 983 0
983 53 17
53 761 0
761 966 17
966 293 0
293 142 17
142 841 0
841 1371 17
1371 1297 0
1297 1214 17
1214 639 0
639 847 50
847 150 0
150 472 24
472 1075 0
1075 1391 17
1391 1316 0
1316 1467 23
1467 668 19
668 1235 0
1235 1002 37
1002 333 0
333 1365 24
1365 1291 0
1291 95 17
95 798 0
798 146 17
146 843 0
843 1206 24
1206 629 0
629 604 60
604 1182 0
1182 33 53
33 741 0
741 816 11
816 115 0
115 1466 11
1466 1114 17
1114 525 0
525 1147 17
1147 562 0
562 26 13
26 735 0
735 687 4
687 1253 0
1253 931 53
931 253 0
253 1319 24
1319 1394 0
1394 1301 17
1301 1375 0
1375 879 15
879 190 0
190 169 29
169 865 0
865 1149 30
1149 564 0
564 349 20
349 1016 0
1016 79 3
79 783 0
783 744 30
744 36 0
36 51 33
51 759 0
759 523 17
523 1113 0
1113 524 0
524 34 50
34 742 0
742 993 17
993 323 0
323 1261 24
1261 697 0
697 1330 24
1330 1407 0
1407 261 37
261 937 0
937 260 0
260 709 11
709 1540 0
1540 838 44
838 139 0
139 354 24
354 1021 0
1021 1421 60
1421 599 0
599 1177 0
1177 375 157
375 432 0
432 698 69
698 394 0
394 447 83
447 1056 0
1056 1068 37
1068 463 0
463 389 47
389 635 0
635 1458 8
1458 1210 18
1210 634 0
634 462 88
462 393 46
393 693 0
693 718 83
718 4 0
4 376 97
376 435 0
435 1441 63
1441 906 31
906 221 0
221 1455 33
1455 22 8
22 356 0
356 1542 47
1542 1456 0
1456 314 25
314 451 0
451 985 0
985 1457 44
1457 1343 43
1343 1275 0
1275 1442 58
1442 1040 36
1040 419 0
419 1329 24
1329 1406 0
1406 1302 17
1302 1376 0
1376 1116 14
1116 527 0
527 183 22
183 365 0
365 184 40
184 886 0
886 197 0
197 186 67
186 195 0
195 884 0
884 504 34
504 522 0
522 1102 0
1102 457 5
457 1064 0
1064 309 17
309 981 0
981 1282 47
1282 1355 0
1355 1014 17
1014 347 0
347 355 24
355 21 0
21 1452 28
1452 187 28
187 876 0
876 380 31
380 448 0
448 547 33
547 1133 0
1133 30 80
30 738 0
738 417 50
417 927 34
927 249 0
249 1461 23
1461 258 37
258 935 0
935 99 62
99 734 18
734 25 0
25 404 45
404 1028 0
1028 242 20
242 243 0
243 317 0
317 369 0
369 92 71
92 795 0
795 1451 12
1451 862 6
862 166 0
166 908 25
908 224 0
224 1352 12
1352 1361 1
1361 1422 0
1422 1272 33
1272 711 0
711 281 16
281 255 0
255 933 0
933 28 33
28 736 0
736 160 18
160 856 0
856 159 0
159 441 9
441 1052 0
1052 662 69
662 1230 0
1230 423 69
423 1044 0
1044 1454 22
1454 31 34
31 739 0
739 1453 36
1453 1098 75
1098 500 0
500 235 68
235 637 34
637 1212 0
1212 0 44