0 19 120
19 27 40
27 18 35
18 15 14
15 9 46
9 16 28
16 11 47
11 8 29
8 4 25
4 7 15
7 12 34
12 25 46
25 31 36
31 26 100
26 22 69
22 17 53
17 32 94
32 59 90
59 89 67
89 80 67
80 99 60
99 82 42
82 71 26
71 51 55
51 46 35
46 47 7
47 57 34
57 56 40
56 66 40
66 67 4
67 73 12
73 81 14
81 84 8
84 83 20
83 90 22
90 100 24
100 105 17
105 127 65
127 113 34
113 128 23
128 129 13
129 134 7
134 145 24
145 144 38
144 164 52
164 178 54
178 204 60
204 202 60
202 203 12
203 230 65
230 257 90
257 291 53
291 298 61
298 285 24
285 276 8
276 264 37
264 289 34
289 300 15
300 302 13
302 301 10
301 312 28
312 313 18
313 317 16
317 325 28
325 326 7
326 340 84
340 360 67
360 412 151
412 470 158
470 467 30
467 448 57
448 439 53
439 461 35
461 471 49
471 483 75
483 535 194
535 578 128
578 631 76
631 630 17
630 643 17
643 642 17
642 654 24
654 677 61
677 692 26
692 708 29
708 712 33
712 745 53
745 772 53
772 791 31
791 790 70
790 762 47
762 743 39
743 742 14
742 719 29
719 711 25
711 709 94
709 666 79
666 623 68
623 628 22
628 622 49
622 621 111
621 603 55
603 559 71
559 560 12
560 561 24
561 557 18
557 549 11
549 548 20
548 533 19
533 529 48
529 534 45
534 530 24
530 512 41
512 455 379
455 466 33
466 469 24
469 475 17
475 558 265
558 579 35
579 580 33
580 591 7
591 602 16
602 601 74
601 620 32
620 627 50
627 604 33
604 619 12
619 629 35
629 640 2
640 641 15
641 664 31
664 678 20
678 694 28
694 731 69
731 781 69
781 787 49
787 809 46
809 824 31
824 815 75
815 816 24
816 802 49
802 782 26
782 761 31
761 729 58
729 728 68
728 691 68
691 689 31
689 679 29
679 700 63
700 718 28
718 744 48
744 825 150
825 843 35
843 844 50
844 853 93
853 870 63
870 845 69
845 883 67
883 950 129
950 1053 211
1053 1119 150
1119 1095 88
1095 1034 123
1034 1020 47
1020 1069 149
1069 1133 172
1133 1033 237
1033 979 108
979 980 100
980 963 65
963 960 14
960 953 37
953 948 25
948 894 99
894 908 24
908 893 24
893 871 60
871 918 64
918 907 23
907 906 35
906 921 25
921 920 17
920 952 75
952 951 17
951 949 26
949 935 31
935 919 33
919 892 47
892 861 60
861 862 17
862 835 72
835 834 12
834 817 54
817 818 33
818 803 33
803 788 38
788 763 42
763 701 112
701 644 90
644 592 67
592 632 127
632 662 39
662 663 42
663 665 23
665 680 19
680 693 18
693 690 19
690 699 16
699 695 8
695 717 34
717 713 31
713 710 37
710 720 20
720 721 33
721 730 12
730 760 57
760 789 115
789 771 56
771 754 30
754 746 24
746 732 24
732 747 24
747 755 17
755 756 17
756 748 17
748 645 158
645 764 217
764 733 97
733 749 17
749 765 33
765 773 24
773 792 37
792 826 83
826 896 142
896 895 67
895 928 53
928 981 134
981 1010 107
1010 1070 85
1070 1112 295
1112 1123 142
1123 1134 90
1134 1175 143
1175 1176 50
1176 1084 267
1084 1085 100
1085 1096 101
1096 1109 60
1109 1097 37
1097 1011 121
1011 970 97
970 964 53
964 937 75
937 897 94
897 885 53
885 884 17
884 936 90
936 910 127
910 909 67
909 810 190
810 793 37
793 750 85
750 734 37
734 757 37
757 766 134
766 804 69
804 811 37
811 819 37
819 836 33
836 837 50
837 854 60
854 855 17
855 922 101
922 863 107
863 827 90
827 783 85
783 736 107
736 735 33
735 685 143
685 684 17
684 607 167
607 582 75
582 541 83
541 542 50
542 568 50
568 583 24
583 703 170
703 722 90
722 774 118
774 805 71
805 828 83
828 829 100
829 872 112
872 886 85
886 911 47
911 923 24
923 945 83
945 954 24
954 955 50
955 965 47
965 982 75
982 1012 83
1012 1054 69
1054 1055 17
1055 1071 17
1071 1098 33
1098 1099 150
1099 1124 141
1124 1128 17
1128 1135 17
1135 1140 47
1140 1168 75
1168 1149 97
1149 1113 142
1113 1103 37
1103 1056 75
1056 1044 17
1044 1035 24
1035 1022 37
1022 1021 17
1021 999 47
999 993 37
993 985 37
985 972 17
972 984 37
984 971 37
971 983 53
983 946 97
946 938 17
938 939 67
939 924 37
924 912 24
912 887 47
887 888 17
888 873 37
873 874 17
874 898 33
898 913 24
913 940 50
940 956 60
956 929 60
929 914 37
914 915 17
915 899 17
899 876 33
876 875 17
875 838 85
838 830 69
830 794 75
794 795 117
795 806 53
806 839 83
839 846 90
846 877 71
877 900 37
900 926 47
926 925 33
925 930 24
930 941 24
941 966 83
966 994 69
994 1072 118
1072 1045 105
1045 995 97
995 973 53
973 927 127
927 901 75
901 878 47
878 864 24
864 847 60
847 865 47
865 902 83
902 942 69
942 967 69
967 1013 130
1013 1086 112
1086 1104 90
1104 1143 150
1143 1142 17
1142 1141 17
1141 1125 94
1125 1120 69
1120 1129 75
1129 1139 75
1139 1195 149
1195 1219 71
1219 1232 37
1232 1238 17
1238 1239 50
1239 1226 33
1226 1202 60
1202 1196 17
1196 1212 47
1212 1227 75
1227 1251 60
1251 1258 69
1258 1264 24
1264 1280 53
1280 1267 47
1267 1271 53
1271 1279 37
1279 1291 17
1291 1278 85
1278 1270 24
1270 1263 37
1263 1250 37
1250 1237 17
1237 1225 47
1225 1236 75
1236 1257 47
1257 1262 24
1262 1289 83
1289 1290 17
1290 1303 33
1303 1319 60
1319 1320 50
1320 1339 69
1339 1350 37
1350 1345 37
1345 1338 53
1338 1344 24
1344 1316 154
1316 1296 71
1296 1277 90
1277 1302 97
1302 1301 17
1301 1295 17
1295 1288 53
1288 1266 112
1266 1177 201
1177 1194 60
1194 1185 24
1185 1184 100
1184 1249 137
1249 1276 107
1276 1300 60
1300 1309 17
1309 1315 37
1315 1337 90
1337 1336 67
1336 1299 118
1299 1294 53
1294 1298 69
1298 1287 121
1287 1275 151
1275 1331 201
1331 1335 118
1335 1349 105
1349 1381 120
1381 1419 94
1419 1517 277
1517 1608 203
1608 1573 60
1573 1609 337
1609 1574 158
1574 1638 97
1638 1598 53
1598 1554 75
1554 1523 83
1523 1507 37
1507 1475 90
1475 1470 24
1470 1455 47
1455 1443 53
1443 1432 37
1432 1460 83
1460 1474 33
1474 1486 24
1486 1454 83
1454 1459 24
1459 1420 107
1420 1382 149
1382 1392 37
1392 1398 37
1398 1374 112
1374 1410 67
1410 1421 37
1421 1422 17
1422 1399 75
1399 1411 53
1411 1383 50
1383 1370 37
1370 1340 101
1340 1384 167
1384 1385 17
1385 1413 53
1413 1423 24
1423 1412 24
1412 1400 53
1400 1434 53
1434 1433 17
1433 1461 50
1461 1487 50
1487 1518 37
1518 1476 83
1476 1566 164
1566 1555 37
1555 1575 90
1575 1661 134
1661 1703 97
1703 1837 137
1837 1890 75
1890 1862 53
1862 2026 105
2026 2025 200
2025 1922 75
1922 1775 105
1775 1795 37
1795 1836 33
1836 1921 97
1921 1774 120
1774 1835 53
1835 1990 100
1990 1975 85
1975 1949 85
1949 1974 24
1974 2144 101
2144 2248 94
2248 2403 90
2403 2343 60
2343 2282 37
2282 2198 50
2198 2072 75
2072 2024 33
2024 1948 83
1948 1889 33
1889 1920 53
1920 1989 53
1989 2143 118
2143 2046 112
2046 2023 37
2023 1973 47
1973 2022 47
2022 2045 17
2045 2106 33
2106 2021 71
2021 1773 186
1773 1702 186
1702 1626 180
1626 1582 71
1582 1730 227
1730 1758 105
1758 2020 209
2020 2280 154
2280 2340 154
2340 2279 90
2279 2278 300
2278 2102 129
2102 2071 13
2071 1888 165
1888 1757 100
1757 1729 37
1729 1701 47
1701 1718 69
1718 1834 127
1834 1988 167
1988 2105 107
2105 2142 37
2142 2141 50
2141 2220 71
2220 2310 71
2310 2311 100
2311 2506 134
2506 2699 142
2699 2538 154
2538 2483 105
2483 2309 105
2309 2371 60
2371 2537 105
2537 2662 143
2662 2339 206
2339 2247 53
2247 2277 118
2277 2138 97
2138 2139 33
2139 2140 33
2140 2104 37
2104 1886 186
1886 1833 42
1833 1698 132
1698 1756 90
1756 1772 43
1772 1814 74
1814 1695 123
1695 1543 211
1543 1537 16
1537 1452 163
1452 1442 11
1442 1431 38
1431 1389 62
1389 1356 89
1356 1355 11
1355 1322 98
1322 1314 54
1314 1265 118
1265 1256 60
1256 1246 40
1246 1224 187
1224 1248 71
1248 1255 128
1255 1223 87
1223 1200 54
1200 1174 62
1174 1156 86
1156 1173 62
1173 1172 33
1172 1201 60
1201 1167 69
1167 1122 134
1122 1132 51
1132 1157 117
1157 1183 41
1183 1247 161
1247 1293 228
1293 1254 106
1254 1261 45
1261 1324 215
1324 1373 153
1373 1388 34
1388 1453 116
1453 1544 195
1544 1484 129
1484 1501 71
1501 1505 122
1505 1485 12
1485 1458 85
1458 1441 46
1441 1409 46
1409 1380 107
1380 1365 53
1365 1363 120
1363 1348 47
1348 1334 61
1334 1343 21
1343 1342 12
1342 1366 77
1366 1391 68
1391 1397 161
1397 1390 16
1390 1408 26
1408 1468 98
1468 1469 19
1469 1472 15
1472 1504 28
1504 1506 21
1506 1500 22
1500 1473 52
1473 1503 21
1503 1516 34
1516 1545 80
1545 1542 76
1542 1534 23
1534 1528 10
1528 1515 64
1515 1529 52
1529 1522 41
1522 1536 45
1536 1563 45
1563 1571 82
1571 1564 17
1564 1570 43
1570 1546 52
1546 1565 47
1565 1572 17
1572 1581 17
1581 1623 50
1623 1699 120
1699 1717 24
1717 1744 33
1744 1792 50
1792 1815 17
1815 1816 17
1816 1860 33
1860 1914 20
1914 1916 23
1916 1986 50
1986 2018 45
2018 2016 32
2016 1971 43
1971 1969 14
1969 1945 26
1945 1917 9
1917 1885 22
1885 1817 47
1817 1793 37
1793 1794 33
1794 1668 133
1668 1649 42
1649 1637 21
1637 1624 17
1624 1667 124
1667 1715 47
1715 1859 193
1859 1882 15
1882 1887 47
1887 1972 75
1972 2014 18
2014 2101 99
2101 1884 131
1884 1970 87
1970 1987 24
1987 2017 10
2017 2019 13
2019 2137 69
2137 2196 47
2196 2246 37
2246 2308 47
2308 2369 37
2369 2401 17
2401 2460 33
2460 2504 37
2504 2623 75
2623 2536 71
2536 2461 222
2461 2430 151
2430 2275 90
2275 2103 141
2103 2136 17
2136 2070 158
2070 2069 18
2069 2044 71
2044 2015 54
2015 1946 44
1946 1919 13
1919 1861 60
1861 1883 9
1883 1947 78
1947 1915 104
1915 1918 13
1918 1858 132
1858 1832 27
1832 1771 38
1771 1716 109
1716 1660 173
1660 1635 40
1635 1622 39
1622 1595 26
1595 1625 51
1625 1636 13
1636 1597 92
1597 1562 72
1562 1535 55
1535 1502 65
1502 1553 129
1553 1552 30
1552 1547 23
1547 1548 14
1548 1580 106
1580 1681 226
1681 1682 9
1682 1697 103
1697 1683 18
1683 1650 53
1650 1607 70
1607 1596 35
1596 1594 64
1594 1696 139
1696 1700 9
1700 1968 208
1968 2276 228
2276 2433 83
2433 2505 71
2505 2432 83
2432 2370 137
2370 2338 37
2338 2431 60
2431 2571 90
2571 2644 50
2644 2698 60
2698 2782 94
2782 2858 97
2858 2859 33
2859 2918 143
2918 2967 107
2967 2974 24
2974 2996 47
2996 3009 37
3009 3018 17
3018 2975 120
2975 3029 83
3029 3130 149
3130 3331 211
3331 3353 24
3353 3375 37
3375 3462 186
3462 3374 90
3374 3352 17
3352 3179 203
3179 3115 75
3115 3087 105
3087 3248 174
3248 3330 143
3330 3329 67
3329 3351 24
3351 3311 33
3311 3310 33
3310 3263 50
3263 3114 150
3114 3214 167
3214 3059 224
3059 3008 97
3008 3086 127
3086 3213 134
3213 3232 53
3232 3247 24
3247 3279 90
3279 3440 151
3440 3520 67
3520 3521 17
3521 3584 60
3584 3544 105
3544 3545 50
3545 3422 130
3422 3407 17
3407 3388 118
3388 3500 120
3500 3567 53
3567 3609 47
3609 3686 94
3686 3777 117
3777 3778 50
3778 3750 33
3750 3730 75
3730 3763 50
3763 3764 33
3764 3751 37
3751 3700 83
3700 3630 69
3630 3629 17
3629 3628 50
3628 3585 47
3585 3586 17
3586 3568 24
3568 3423 121
3423 3458 121
3458 3522 53
3522 3587 50
3587 3588 67
3588 3501 75
3501 3424 75
3424 3523 97
3523 3459 71
3459 3460 50
3460 3461 17
3461 3502 33
3502 3546 37
3546 3524 37
3524 3525 67
3525 3589 71
3589 3612 37
3612 3633 37
3633 3689 50
3689 3655 60
3655 3632 17
3632 3611 24
3611 3631 53
3631 3610 37
3610 3672 53
3672 3671 17
3671 3688 53
3688 3786 134
3786 3731 90
3731 3718 17
3718 3687 47
3687 3654 47
3654 3653 17
3653 3739 101
3739 3801 120
3801 3858 149
3858 3877 33
3877 3893 47
3893 3903 24
3903 3904 17
3904 3958 85
3958 3968 53
3968 3959 24
3959 3969 69
3969 4071 151
4071 4088 60
4088 4143 105
4143 4150 24
4150 4112 75
4112 4095 33
4095 4060 157
4060 3970 177
3970 3850 217
3850 3849 83
3849 3844 24
3844 3831 33
3831 3795 83
3795 3807 60
3807 3796 75
3796 3808 75
3808 3787 60
3787 3634 195
3634 3635 67
3635 3636 17
3636 3569 53
3569 3526 37
3526 3570 105
3570 3637 53
3637 3701 69
3701 3809 174
3809 3851 112
3851 3894 85
3894 3866 158
3866 3765 232
3765 3779 37
3779 3788 17
3788 3945 318
3945 4037 213
4037 4113 158
4113 4119 17
4119 4133 37
4133 4132 33
4132 4131 17
4131 4130 17
4130 4151 33
4151 4118 83
4118 4166 90
4166 4198 50
4198 4210 17
4210 4235 83
4235 4259 60
4259 4270 17
4270 4286 17
4286 4302 69
4302 4325 75
4325 4344 33
4344 4371 67
4371 4360 75
4360 4343 105
4343 4352 151
4352 4332 75
4332 4301 60
4301 4285 24
4285 4324 53
4324 4331 17
4331 4365 67
4365 4403 97
4403 4451 130
4451 4501 127
4501 4546 97
4546 4553 17
4553 4569 53
4569 4607 97
4607 4643 107
4643 4683 83
4683 4712 60
4712 4734 71
4734 4662 212
4662 4672 53
4672 4616 118
4616 4617 133
4617 4654 90
4654 4677 71
4677 4713 69
4713 4735 60
4735 4759 71
4759 4803 75
4803 4829 75
4829 4810 142
4810 4822 33
4822 4888 121
4888 4904 85
4904 4889 118
4889 4850 134
4850 4830 33
4830 4864 94
4864 4929 90
4929 4951 37
4951 4939 151
4939 4997 107
4997 5091 142
5091 5080 24
5080 4987 137
4987 4941 75
4941 4940 17
4940 4919 37
4919 4857 97
4857 4831 53
4831 4817 33
4817 4816 83
4816 4791 71
4791 4790 33
4790 4753 83
4753 4737 47
4737 4736 33
4736 4719 33
4719 4696 50
4696 4644 100
4644 4638 37
4638 4618 53
4618 4599 37
4599 4591 53
4591 4575 60
4575 4592 33
4592 4608 47
4608 4622 37
4622 4645 60
4645 4663 47
4663 4678 33
4678 4720 107
4720 4738 37
4738 4760 127
4760 4851 180
4851 4858 17
4858 4874 60
4874 4890 24
4890 4942 75
4942 4961 60
4961 4998 50
4998 5023 33
5023 5015 69
5015 5041 60
5041 5068 75
5068 5103 60
5103 5153 172
5153 5154 83
5154 5203 213
5203 5224 180
5224 5225 33
5225 5204 67
5204 5199 17
5199 5198 50
5198 5190 33
5190 5155 107
5155 5182 69
5182 5200 60
5200 5183 142
5183 5169 47
5169 5184 60
5184 5170 90
5170 5143 53
5143 5110 53
5110 5070 75
5070 5093 60
5093 5092 50
5092 5060 53
5060 4976 117
4976 4975 50
4975 5017 71
5017 4988 75
4988 4907 190
4907 4931 33
4931 5016 117
5016 5069 85
5069 5030 83
5030 4962 101
4962 4930 53
4930 4906 60
4906 4891 17
4891 4905 24
4905 4876 37
4876 4952 154
4952 4875 154
4875 4865 151
4865 4811 143
4811 4776 53
4776 4761 37
4761 4755 24
4755 4742 47
4742 4741 17
4741 4740 17
4740 4739 83
4739 4685 112
4685 4754 157
4754 4721 69
4721 4704 47
4704 4684 75
4684 4664 53
4664 4632 75
4632 4624 24
4624 4623 83
4623 4600 71
4600 4576 60
4576 4544 112
4544 4524 37
4524 4543 121
4543 4523 47
4523 4504 37
4504 4474 69
4474 4445 120
4445 4489 101
4489 4488 17
4488 4467 71
4467 4452 60
4452 4503 134
4503 4554 105
4554 4547 53
4547 4533 47
4533 4515 75
4515 4532 37
4532 4522 37
4522 4521 83
4521 4531 69
4531 4502 53
4502 4413 224
4413 4396 90
4396 4383 90
4383 4391 17
4391 4404 37
4404 4425 71
4425 4426 33
4426 4431 24
4431 4443 17
4443 4459 37
4459 4466 17
4466 4444 97
4444 4419 50
4419 4405 47
4405 4397 24
4397 4392 37
4392 4384 17
4384 4333 120
4333 4304 50
4304 4303 17
4303 4260 50
4260 4251 101
4251 4236 167
4236 4261 105
4261 4252 37
4252 4253 33
4253 4271 47
4271 4305 37
4305 4334 190
4334 4345 37
4345 4372 75
4372 4393 37
4393 4394 17
4394 4406 37
4406 4414 53
4414 4420 24
4420 4395 83
4395 4373 75
4373 4374 250
4374 4432 298
4432 4335 344
4335 4310 154
4310 4272 158
4272 4433 352
4433 4518 203
4518 4517 17
4517 4526 17
4526 4525 33
4525 4516 37
4516 4545 71
4545 4566 69
4566 4570 24
4570 4577 24
4577 4609 227
4609 4639 75
4639 4665 158
4665 4705 97
4705 4714 37
4714 4792 212
4792 4773 75
4773 4840 189
4840 4852 151
4852 4804 101
4804 4777 37
4777 4762 47
4762 4774 24
4774 4729 107
4729 4697 164
4697 4763 134
4763 4793 60
4793 4818 60
4818 4832 47
4832 4859 60
4859 4908 75
4908 4892 24
4892 4877 37
4877 4878 33
4878 4893 24
4893 4909 24
4909 4932 33
4932 4933 17
4933 4943 37
4943 4934 37
4934 4978 83
4978 4979 17
4979 5003 33
5003 5018 24
5018 5002 17
5002 5001 17
5001 4964 60
4964 4954 24
4954 4963 24
4963 4953 37
4953 5000 107
5000 4999 17
4999 4977 47
4977 5061 143
5061 5081 37
5081 5111 53
5111 5161 118
5161 5156 37
5156 5191 85
5191 5171 142
5171 5185 47
5185 5210 85
5210 5226 83
5226 5216 167
5216 5236 69
5236 5264 118
5264 5265 17
5265 5276 203
5276 5292 211
5292 5314 90
5314 5293 157
5293 5250 137
5250 5245 69
5245 5259 75
5259 5270 90
5270 5260 37
5260 5251 24
5251 5266 47
5266 5252 60
5252 5246 17
5246 5242 17
5242 5241 33
5241 5237 37
5237 5228 50
5228 5227 50
5227 5214 37
5214 5211 24
5211 5195 83
5195 5194 17
5194 5205 75
5205 5186 83
5186 5157 69
5157 5131 37
5131 5112 47
5112 5113 117
5113 5162 97
5162 5132 53
5132 5144 24
5144 5145 17
5145 5125 37
5125 5095 71
5095 5094 33
5094 5071 37
5071 5062 24
5062 5024 53
5024 4989 97
4989 4911 127
4911 4912 67
4912 4879 37
4879 4862 37
4862 4861 67
4861 4841 60
4841 4866 60
4866 4860 37
4860 4910 83
4910 4819 172
4819 4823 37
4823 4794 120
4794 4778 69
4778 4764 47
4764 4765 100
4765 4698 137
4698 4619 203
4619 4593 71
4593 4583 53
4583 4578 17
4578 4534 121
4534 4535 17
4535 4527 17
4527 4519 24
4519 4481 75
4481 4434 120
4434 4460 53
4460 4560 239
4560 4571 154
4571 4640 151
4640 4646 118
4646 4722 151
4722 4748 53
4748 4699 141
4699 4666 94
4666 4655 69
4655 4686 67
4686 4715 50
4715 4723 69
4723 4749 50
4749 4766 33
4766 4812 83
4812 4880 149
4880 4935 75
4935 4965 83
4965 4966 33
4966 4990 37
4990 5004 24
5004 4967 53
4967 4955 17
4955 4936 75
4936 4920 17
4920 4921 17
4921 4922 17
4922 4913 17
4913 4894 69
4894 4842 118
4842 4833 85
4833 4834 33
4834 4853 33
4853 4854 67
4854 4867 37
4867 4944 100
4944 4980 53
4980 4991 24
4991 4968 90
4968 4956 17
4956 4945 37
4945 4969 37
4969 4981 24
4981 5005 33
5005 5026 60
5026 5032 17
5032 5047 24
5047 5084 53
5084 5075 53
5075 5046 37
5046 5045 33
5045 5074 47
5074 5073 17
5073 5083 37
5083 5177 180
5177 5164 121
5164 5072 150
5072 5064 69
5064 5082 60
5082 5044 50
5044 5031 53
5031 5063 33
5063 5043 85
5043 5025 90
5025 5042 37
5042 5096 69
5096 5114 75
5114 5133 37
5133 5146 24
5146 5163 47
5163 5187 83
5187 5218 154
5218 5217 33
5217 5233 71
5233 5253 83
5253 5254 67
5254 5267 37
5267 5273 53
5273 5278 53
5278 5272 53
5272 5271 50
5271 5277 17
5277 5285 47
5285 5289 53
5289 5284 37
5284 5288 101
5288 5315 100
5315 5338 97
5338 5334 53
5334 5322 71
5322 5306 149
5306 5294 75
5294 5295 83
5295 5316 85
5316 5323 53
5323 5335 60
5335 5343 60
5343 5348 24
5348 5349 33
5349 5361 33
5361 5366 17
5366 5377 60
5377 5344 117
5344 5336 37
5336 5317 83
5317 5318 50
5318 5324 37
5324 5339 164
5339 5296 167
5296 5280 71
5280 5281 50
5281 5311 101
5311 5345 201
5345 5307 190
5307 5367 273
5367 5404 195
5404 5389 83
5389 5385 167
5385 5423 157
5423 5439 60
5439 5444 47
5444 5483 134
5483 5503 97
5503 5475 130
5475 5455 85
5455 5476 186
5476 5456 85
5456 5414 154
5414 5382 322
5382 5390 75
5390 5391 83
5391 5418 105
5418 5436 50
5436 5433 37
5433 5450 130
5450 5469 75
5469 5442 300
5442 5484 180
5484 5498 53
5498 5533 239
5533 5532 133
5532 5510 271
5510 5526 60
5526 5541 37
5541 5615 158
5615 5668 167
5668 5622 90
5622 5616 134
5616 5687 142
5687 5704 24
5704 5688 53
5688 5718 71
5718 5712 24
5712 5676 97
5676 5669 24
5669 5646 33
5646 5658 69
5658 5689 50
5689 5719 53
5719 5705 75
5705 5670 50
5670 5671 33
5671 5659 24
5659 5639 33
5639 5623 75
5623 5660 134
5660 5678 37
5678 5677 67
5677 5690 17
5690 5729 75
5729 5753 83
5753 5752 83
5752 5751 17
5751 5763 53
5763 5750 53
5750 5776 37
5776 5795 47
5795 5762 60
5762 5737 53
5737 5728 24
5728 5736 53
5736 5761 50
5761 5784 37
5784 5794 37
5794 5760 60
5760 5744 75
5744 5749 24
5749 5836 121
5836 5865 60
5865 5864 50
5864 5853 24
5853 5999 283
5999 5987 37
5987 5969 60
5969 5924 83
5924 5895 37
5895 5863 50
5863 5894 83
5894 5893 17
5893 5881 37
5881 5923 50
5923 5936 24
5936 5947 24
5947 5937 24
5937 5948 53
5948 5968 47
5968 5986 71
5986 5998 33
5998 6013 60
6013 6028 75
6028 6034 37
6034 6005 83
6005 5967 105
5967 5955 17
5955 5956 67
5956 5946 24
5946 5909 50
5909 5871 53
5871 5793 121
5793 5824 105
5824 5835 53
5835 5811 75
5811 5727 134
5727 5675 172
5675 5614 127
5614 5569 97
5569 5607 164
5607 5590 90
5590 5667 154
5667 5630 180
5630 5621 24
5621 5657 67
5657 5666 24
5666 5673 17
5673 5674 17
5674 5686 17
5686 5703 17
5703 5717 33
5717 5748 83
5748 5783 60
5783 5810 37
5810 5834 33
5834 5845 17
5845 5852 24
5852 5862 24
5862 5892 97
5892 5922 47
5922 5921 17
5921 5891 60
5891 5908 17
5908 5935 33
5935 5966 71
5966 5974 24
5974 5975 17
5975 5981 24
5981 5997 53
5997 6004 24
6004 6027 94
6027 6033 24
6033 6038 17
6038 6046 33
6046 6054 24
6054 6056 24
6056 6059 17
6059 6063 37
6063 6071 17
6071 6072 33
6072 6073 17
6073 6077 17
6077 6078 17
6078 6080 24
6080 6081 17
6081 6083 17
6083 6064 149
6064 6087 141
6087 6093 50
6093 6097 83
6097 6098 17
6098 6103 17
6103 6106 17
6106 6094 246
6094 6099 143
6099 6084 186
6084 6047 149
6047 6043 24
6043 5988 167
5988 5982 17
5982 5976 69
5976 5872 164
5872 5854 75
5854 5825 60
5825 5812 69
5812 5896 201
5896 5796 164
5796 5797 17
5797 5798 150
5798 5897 212
5897 5957 97
5957 6000 112
6000 6022 134
6022 6035 105
6035 6014 83
6014 6048 101
6048 6049 100
6049 6065 69
6065 6088 194
6088 6100 149
6100 6086 212
6086 6079 71
6079 6074 53
6074 6060 75
6060 6066 24
6066 6090 154
6090 6104 137
6104 6114 134
6114 6112 112
6112 6107 142
6107 6105 151
6105 6109 90
6109 6091 167
6091 6057 164
6057 6058 133
6058 6096 211
6096 6101 67
6101 6095 143
6095 6102 232
6102 6108 33
6108 6111 33
6111 6115 101
6115 6116 37
6116 6113 127
6113 6110 33
6110 6092 151
6092 6089 90
6089 6082 83
6082 6068 83
6068 6061 69
6061 6067 24
6067 6075 17
6075 6055 94
6055 6039 60
6039 6023 60
6023 6040 97
6040 6009 85
6009 5992 60
5992 5958 107
5958 5977 105
5977 5910 167
5910 5866 69
5866 5846 75
5846 5838 24
5838 5837 83
5837 5799 60
5799 5754 107
5754 5764 85
5764 5813 94
5813 5826 334
5826 5882 120
5882 5978 137
5978 6010 100
6010 6024 37
6024 6029 69
6029 6041 47
6041 6050 37
6050 6062 53
6062 6069 101
6069 6044 97
6044 6030 83
6030 6045 112
6045 6051 24
6051 6042 60
6042 6015 120
6015 6006 33
6006 5993 47
5993 5925 134
5925 5873 120
5873 5926 69
5926 6001 164
6001 5983 142
5983 5970 75
5970 5938 71
5938 5927 24
5927 5911 37
5911 5939 75
5939 5959 90
5959 5994 97
5994 6031 101
6031 6011 83
6011 6007 24
6007 5995 37
5995 6016 75
6016 6017 33
6017 6025 24
6025 6036 33
6036 6052 112
6052 6076 85
6076 6085 60
6085 6070 75
6070 6037 118
6037 6032 24
6032 6018 60
6018 6002 53
6002 5989 60
5989 6026 112
6026 6053 118
6053 6019 112
6019 5996 75
5996 5950 112
5950 5899 83
5899 5898 50
5898 5930 75
5930 5949 60
5949 5929 37
5929 5867 85
5867 5928 107
5928 5912 69
5912 5814 151
5814 5765 75
5765 5766 150
5766 5767 17
5767 5739 83
5739 5769 60
5769 5768 50
5768 5777 17
5777 5800 37
5800 5827 37
5827 5839 37
5839 5874 83
5874 5847 60
5847 5785 90
5785 5786 33
5786 5733 100
5733 5734 33
5734 5708 60
5708 5696 17
5696 5697 67
5697 5650 67
5650 5592 121
5592 5564 60
5564 5534 120
5534 5523 37
5523 5527 85
5527 5514 60
5514 5507 85
5507 5508 17
5508 5502 85
5502 5524 50
5524 5546 53
5546 5528 75
5528 5535 24
5535 5547 24
5547 5565 60
5565 5594 53
5594 5593 117
5593 5632 85
5632 5633 50
5633 5663 50
5663 5651 37
5651 5652 33
5652 5634 47
5634 5635 50
5635 5672 69
5672 5680 17
5680 5715 60
5715 5714 17
5714 5722 24
5722 5721 50
5721 5713 17
5713 5698 137
5698 5709 24
5709 5720 60
5720 5746 50
5746 5788 69
5788 5803 37
5803 5818 53
5818 5828 17
5828 5817 53
5817 5802 24
5802 5787 37
5787 5756 60
5756 5745 17
5745 5740 24
5740 5755 60
5755 5778 47
5778 5770 24
5770 5801 60
5801 5816 17
5816 5815 17
5815 5840 47
5840 5855 75
5855 5875 33
5875 5931 94
5931 5913 53
5913 5900 53
5900 5876 37
5876 5868 53
5868 5914 94
5914 5951 60
5951 5961 24
5961 5960 33
5960 6020 164
6020 6003 97
6003 5984 50
5984 5971 60
5971 5952 37
5952 5915 53
5915 5883 33
5883 5901 37
5901 5916 53
5916 5940 37
5940 5941 50
5941 5972 50
5972 5979 37
5979 6008 90
6008 6012 17
6012 6021 85
6021 5985 101
5985 5980 17
5980 5962 60
5962 5917 69
5917 5902 53
5902 5869 53
5869 5849 37
5849 5848 17
5848 5829 47
5829 5830 33
5830 5819 17
5819 5779 50
5779 5757 60
5757 5741 33
5741 5723 90
5723 5681 69
5681 5682 17
5682 5699 37
5699 5742 83
5742 5724 75
5724 5773 83
5773 5772 33
5772 5780 37
5780 5790 24
5790 5821 47
5821 5789 47
5789 5771 47
5771 5820 69
5820 5841 37
5841 5856 60
5856 5850 69
5850 5831 37
5831 5822 24
5822 5857 83
5857 5880 33
5880 5886 53
5886 5885 17
5885 5906 17
5906 5884 24
5884 5879 24
5879 5905 33
5905 5904 17
5904 5878 47
5878 5877 33
5877 5903 37
5903 5918 24
5918 5932 17
5932 5942 24
5942 5963 33
5963 5973 37
5973 5990 97
5990 5991 50
5991 5964 69
5964 5953 17
5953 5943 53
5943 5965 47
5965 5944 47
5944 5887 75
5887 5907 24
5907 5888 37
5888 5919 37
5919 5945 37
5945 5954 24
5954 5933 37
5933 5920 24
5920 5934 37
5934 5890 53
5890 5889 17
5889 5858 53
5858 5842 60
5842 5804 71
5804 5774 60
5774 5775 50
5775 5791 47
5791 5805 24
5805 5806 50
5806 5807 17
5807 5843 60
5843 5851 24
5851 5859 24
5859 5860 50
5860 5870 24
5870 5861 24
5861 5832 53
5832 5808 37
5808 5781 37
5781 5758 37
5758 5782 75
5782 5759 60
5759 5844 117
5844 5833 53
5833 5792 97
5792 5823 37
5823 5809 37
5809 5743 180
5743 5726 47
5726 5684 83
5684 5685 83
5685 5656 53
5656 5644 24
5644 5645 83
5645 5629 75
5629 5620 17
5620 5613 24
5613 5606 17
5606 5582 112
5582 5568 17
5568 5581 101
5581 5598 37
5598 5589 37
5589 5580 37
5580 5562 47
5562 5555 24
5555 5539 47
5539 5540 17
5540 5519 71
5519 5509 85
5509 5518 37
5518 5531 37
5531 5538 24
5538 5549 17
5549 5579 75
5579 5605 83
5605 5628 71
5628 5619 69
5619 5627 17
5627 5665 83
5665 5643 47
5643 5612 67
5612 5611 67
5611 5578 83
5578 5577 67
5577 5576 33
5576 5575 67
5575 5561 37
5561 5554 17
5554 5560 37
5560 5559 17
5559 5574 33
5574 5573 17
5573 5588 37
5588 5655 142
5655 5642 118
5642 5711 101
5711 5710 33
5710 5735 60
5735 5747 47
5747 5725 53
5725 5702 50
5702 5701 17
5701 5700 50
5700 5716 47
5716 5683 60
5683 5664 33
5664 5653 37
5653 5654 50
5654 5638 37
5638 5604 75
5604 5596 118
5596 5597 33
5597 5587 17
5587 5572 17
5572 5516 157
5516 5494 75
5494 5495 33
5495 5496 50
5496 5517 75
5517 5537 71
5537 5525 37
5525 5501 94
5501 5497 24
5497 5482 83
5482 5474 101
5474 5449 112
5449 5461 47
5461 5454 53
5454 5422 118
5422 5403 67
5403 5381 90
5381 5370 83
5370 5365 37
5365 5333 105
5333 5329 37
5329 5310 120
5310 5301 47
5301 5305 24
5305 5302 17
5302 5291 24
5291 5275 69
5275 5249 69
5249 5240 33
5240 5235 24
5235 5215 69
5215 5209 47
5209 5160 142
5160 5142 37
5142 5109 53
5109 5090 47
5090 5089 17
5089 5022 112
5022 5014 17
5014 5021 85
5021 5059 60
5059 5088 53
5088 5124 50
5124 5152 53
5152 5193 101
5193 5197 24
5197 5230 105
5230 5244 94
5244 5248 118
5248 5263 47
5263 5287 85
5287 5299 37
5299 5300 33
5300 5309 33
5309 5327 75
5327 5321 69
5321 5328 24
5328 5331 37
5331 5332 50
5332 5355 67
5355 5359 24
5359 5360 17
5360 5376 75
5376 5380 83
5380 5402 90
5402 5401 17
5401 5413 37
5413 5417 24
5417 5432 47
5432 5431 17
5431 5441 71
5441 5460 69
5460 5448 75
5448 5453 17
5453 5481 101
5481 5480 17
5480 5479 17
5479 5491 33
5491 5500 75
5500 5515 53
5515 5536 53
5536 5530 118
5530 5548 90
5548 5553 37
5553 5567 60
5567 5603 75
5603 5626 50
5626 5637 24
5637 5641 69
5641 5636 24
5636 5640 53
5640 5610 69
5610 5618 53
5618 5625 53
5625 5609 37
5609 5602 24
5602 5617 37
5617 5608 37
5608 5595 37
5595 5570 75
5570 5586 53
5586 5571 17
5571 5566 24
5566 5558 17
5558 5529 75
5529 5493 130
5493 5486 60
5486 5473 33
5473 5478 37
5478 5468 97
5468 5467 50
5467 5447 83
5447 5446 17
5446 5435 164
5435 5415 71
5415 5416 67
5416 5399 53
5399 5400 17
5400 5412 186
5412 5396 60
5396 5374 137
5374 5354 69
5354 5347 53
5347 5342 53
5342 5353 60
5353 5358 24
5358 5379 97
5379 5364 94
5364 5369 69
5369 5352 60
5352 5373 75
5373 5378 75
5378 5394 83
5394 5397 47
5397 5398 83
5398 5408 24
5408 5430 120
5430 5452 101
5452 5466 53
5466 5477 71
5477 5470 37
5470 5459 83
5459 5429 190
5429 5451 130
5451 5465 83
5465 5472 37
5472 5464 90
5464 5463 83
5463 5458 105
5458 5471 69
5471 5485 47
5485 5490 24
5490 5499 60
5499 5506 90
5506 5552 101
5552 5585 83
5585 5591 101
5591 5545 112
5545 5584 118
5584 5557 71
5557 5551 17
5551 5513 130
5513 5601 190
5601 5649 130
5649 5732 157
5732 5679 143
5679 5662 75
5662 5631 71
5631 5648 37
5648 5661 69
5661 5624 75
5624 5600 83
5600 5556 85
5556 5544 33
5544 5505 90
5505 5489 69
5489 5488 67
5488 5487 17
5487 5462 130
5462 5457 236
5457 5437 90
5437 5409 172
5409 5371 184
5371 5351 120
5351 5350 150
5350 5346 37
5346 5395 217
5395 5362 329
5362 5386 157
5386 5405 120
5405 5492 327
5492 5504 255
5504 5731 434
5731 5707 321
5707 5695 184
5695 5694 67
5694 5730 83
5730 5706 83
5706 5738 94
5738 5691 90
5691 5692 33
5692 5693 17
5693 5647 69
5647 5599 101
5599 5542 117
5542 5511 83
5511 5520 37
5520 5521 117
5521 5563 101
5563 5583 105
5583 5550 69
5550 5543 24
5543 5522 97
5522 5512 85
5512 5445 261
5445 5392 203
5392 5297 387
5297 5262 232
5262 5213 213
5213 5196 97
5196 5189 37
5189 5129 117
5129 5139 69
5139 5159 90
5159 5120 75
5120 5121 17
5121 5078 94
5078 5067 17
5067 5011 97
5011 4996 24
4996 4959 60
4959 5010 134
5010 4995 24
4995 4974 60
4974 4917 85
4917 4845 105
4845 4838 17
4838 4825 17
4825 4814 37
4814 4786 53
4786 4771 33
4771 4732 67
4732 4694 90
4694 4659 69
4659 4637 97
4637 4642 118
4642 4727 213
4727 4731 24
4731 4693 90
4693 4692 33
4692 4710 105
4710 4744 67
4744 4758 37
4758 4785 50
4785 4784 17
4784 4770 37
4770 4752 37
4752 4751 17
4751 4769 37
4769 4782 37
4782 4783 17
4783 4799 17
4799 4808 17
4808 4972 291
4972 5009 53
5009 4994 37
4994 4973 47
4973 4927 75
4927 4886 112
4886 4837 130
4837 4871 75
4871 4938 97
4938 4958 47
4958 5029 120
5029 5039 17
5039 5119 127
5119 5158 67
5158 5138 47
5138 5137 17
5137 5167 112
5167 5166 33
5166 5136 53
5136 5107 53
5107 5100 17
5100 5066 50
5066 5052 24
5052 5038 24
5038 5037 33
5037 4985 107
4985 5036 85
5036 5051 24
5051 5077 33
5077 5106 50
5106 5128 37
5128 5148 37
5148 5175 50
5175 5174 17
5174 5181 24
5181 5188 37
5188 5221 117
5221 5232 37
5232 5202 105
5202 5165 120
5165 5135 53
5135 5126 37
5126 5127 33
5127 5099 53
5099 5118 105
5118 5105 24
5105 5117 17
5117 5147 53
5147 5173 50
5173 5172 50
5172 5116 120
5116 5104 17
5104 5049 107
5049 5028 47
5028 5034 53
5034 5050 85
5050 5035 24
5035 5008 53
5008 4984 47
4984 4957 105
4957 4937 47
4937 4856 118
4856 4844 167
4844 4843 33
4843 4836 17
4836 4807 69
4807 4806 17
4806 4780 33
4780 4781 50
4781 4797 17
4797 4798 50
4798 4757 67
4757 4718 97
4718 4701 37
4701 4709 53
4709 4691 37
4691 4668 53
4668 4669 33
4669 4656 17
4656 4635 60
4635 4636 33
4636 4651 47
4651 4657 24
4657 4658 17
4658 4670 24
4670 4680 90
4680 4628 118
4628 4627 17
4627 4605 97
4605 4563 101
4563 4557 24
4557 4556 100
4556 4572 53
4572 4596 60
4596 4611 90
4611 4626 60
4626 4620 37
4620 4625 17
4625 4634 24
4634 4641 53
4641 4650 24
4650 4690 85
4690 4708 33
4708 4726 33
4726 4725 17
4725 4717 17
4717 4707 53
4707 4700 17
4700 4689 17
4689 4674 60
4674 4724 112
4724 4716 24
4716 4679 69
4679 4649 120
4649 4610 97
4610 4633 83
4633 4602 69
4602 4603 33
4603 4594 37
4594 4604 24
4604 4595 17
4595 4582 33
4582 4562 53
4562 4537 107
4537 4528 24
4528 4536 17
4536 4581 165
4581 4601 53
4601 4580 97
4580 4561 53
4561 4579 97
4579 4648 154
4648 4688 172
4688 4706 60
4706 4673 69
4673 4667 17
4667 4687 174
4687 4750 165
4750 4796 118
4796 4855 165
4855 4882 53
4882 4926 97
4926 4993 101
4993 4971 90
4971 4914 107
4914 4915 17
4915 4883 33
4883 4898 37
4898 4884 69
4884 4820 143
4820 4813 118
4813 4779 71
4779 4730 120
4730 4743 101
4743 4768 71
4768 4756 24
4756 4824 189
4824 4885 100
4885 4900 37
4900 4899 17
4899 4916 17
4916 4948 142
4948 5007 157
5007 5134 295
5134 5179 143
5179 5180 33
5180 5201 69
5201 5212 37
5212 5220 121
5220 5257 154
5257 5283 90
5283 5320 227
5320 5330 50
5330 5325 37
5325 5261 284
5261 5206 190
5206 5268 232
5268 5256 137
5256 5282 118
5282 5312 112
5312 5319 33
5319 5279 190
5279 5255 94
5255 5231 107
5231 5219 75
5219 5178 167
5178 5065 232
5065 5086 90
5086 5076 118
5076 5085 85
5085 5115 71
5115 5098 60
5098 5097 167
5097 5048 69
5048 5033 24
5033 5027 24
5027 4983 67
4983 4982 17
4982 4992 53
4992 5006 37
5006 4946 85
4946 4947 33
4947 4924 37
4924 4895 60
4895 4896 17
4896 4925 47
4925 4970 107
4970 4897 105
4897 4881 24
4881 4870 37
4870 4835 107
4835 4869 107
4869 4923 83
4923 4868 94
4868 4805 133
4805 4795 101
4795 4767 60
4767 4647 239
4647 4584 137
4584 4453 316
4453 4361 224
4361 4311 248
4311 4240 254
4240 4346 151
4346 4375 75
4375 4347 83
4347 4326 47
4326 4376 130
4376 4398 50
4398 4435 107
4435 4482 120
4482 4555 172
4555 4436 252
4436 4468 75
4468 4475 17
4475 4490 60
4490 4505 75
4505 4506 33
4506 4494 24
4494 4483 37
4483 4495 90
4495 4507 69
4507 4454 118
4454 4407 100
4407 4387 60
4387 4363 97
4363 4362 50
4362 4386 50
4386 4415 69
4415 4367 141
4367 4327 90
4327 4288 112
4288 4212 217
4212 4188 37
4188 4114 134
4114 4061 154
4061 4050 85
4050 4073 47
4073 4096 67
4096 4097 133
4097 4074 75
4074 4040 60
4040 4026 69
4026 4051 37
4051 4062 24
4062 4063 33
4063 4041 37
4041 3989 172
3989 4064 118
4064 4098 90
4098 4145 90
4145 4177 67
4177 4156 37
4156 4135 97
4135 4065 151
4065 4012 97
4012 3907 150
3907 3898 151
3898 3963 100
3963 3999 97
3999 4090 170
4090 4122 83
4122 4123 17
4123 4136 134
4136 4146 85
4146 4124 47
4124 4125 67
4125 4106 37
4106 4084 83
4084 4115 69
4115 4147 50
4147 4158 33
4158 4157 17
4157 4153 69
4153 4178 50
4178 4193 85
4193 4229 149
4229 4277 69
4277 4266 37
4266 4276 24
4276 4297 37
4297 4296 17
4296 4317 47
4317 4329 24
4329 4338 37
4338 4349 37
4349 4357 24
4357 4389 69
4389 4441 118
4441 4427 37
4427 4448 60
4448 4440 37
4440 4439 50
4439 4422 33
4422 4416 37
4416 4408 17
4408 4399 17
4399 4356 101
4356 4294 112
4294 4308 24
4308 4316 53
4316 4295 37
4295 4275 24
4275 4265 24
4265 4244 37
4244 4243 17
4243 4256 24
4256 4224 50
4224 4204 33
4204 4192 17
4192 4203 24
4203 4216 24
4216 4223 37
4223 4191 97
4191 4215 105
4215 4222 17
4222 4242 121
4242 4264 37
4264 4274 24
4274 4273 17
4273 4293 17
4293 4292 17
4292 4315 33
4315 4348 60
4348 4364 33
4364 4314 118
4314 4313 17
4313 4369 100
4369 4379 118
4379 4378 150
4378 4388 37
4388 4368 37
4368 4354 37
4354 4355 17
4355 4337 37
4337 4312 33
4312 4307 17
4307 4291 17
4291 4290 17
4290 4254 60
4254 4263 69
4263 4241 33
4241 4255 53
4255 4221 60
4221 4214 37
4214 4202 24
4202 4167 50
4167 4144 60
4144 4152 24
4152 4176 50
4176 4190 53
4190 4189 67
4189 4175 53
4175 4174 17
4174 4201 37
4201 4213 37
4213 4289 121
4289 4306 24
4306 4328 47
4328 4377 112
4377 4455 167
4455 4437 90
4437 4421 37
4421 4469 105
4469 4508 107
4508 4491 105
4491 4438 121
4438 4446 37
4446 4476 107
4476 4477 17
4477 4470 17
4470 4461 101
4461 4471 37
4471 4447 60
4447 4456 17
4456 4548 203
4548 4520 94
4520 4549 107
4549 4538 75
4538 4478 165
4478 4472 24
4472 4462 24
4462 4463 33
4463 4457 17
4457 4428 53
4428 4390 101
4390 4339 130
4339 4358 33
4358 4400 101
4400 4449 101
4449 4423 83
4423 4401 53
4401 4380 71
4380 4409 67
4409 4410 17
4410 4473 149
4473 4484 47
4484 4509 50
4509 4496 69
4496 4597 227
4597 4612 33
4612 4629 47
4629 4681 165
4681 4675 37
4675 4598 194
4598 4573 53
4573 4550 67
4550 4497 105
4497 4464 97
4464 4417 105
4417 4411 53
4411 4402 24
4402 4318 170
4318 4247 105
4247 4246 17
4246 4169 117
4169 4137 134
4137 4068 154
4068 4029 60
4029 3992 94
3992 3935 69
3935 3919 219
3919 3920 200
3920 3977 97
3977 4001 33
4001 4030 97
4030 4109 172
4109 4160 100
4160 4206 134
4206 4278 127
4278 4350 141
4350 4381 243
4381 4351 83
4351 4279 105
4279 4298 53
4298 4359 105
4359 4330 71
4330 4340 53
4340 4319 47
4319 4299 75
4299 4268 33
4268 4230 71
4230 4218 60
4218 4183 71
4183 4207 75
4207 4194 69
4194 4162 222
4162 4227 101
4227 4195 142
4195 4086 203
4086 4083 37
4083 4069 47
4069 4035 60
4035 3981 97
3981 3982 17
3982 3938 53
3938 3951 118
3951 3928 137
3928 4004 154
4004 3939 85
3939 3952 69
3952 3953 67
3953 3983 47
3983 4018 53
4018 4047 53
4047 4078 142
4078 4129 134
4129 4103 158
4103 4140 83
4140 4155 47
4155 4170 60
4170 4184 53
4184 4219 50
4219 4228 24
4228 4257 60
4257 4208 118
4208 4280 118
4280 4341 118
4341 4320 121
4320 4309 69
4309 4281 33
4281 4282 133
4282 4321 83
4321 4300 75
4300 4283 37
4283 4284 33
4284 4342 85
4342 4370 164
4370 4382 24
4382 4424 101
4424 4465 85
4465 4487 71
4487 4492 24
4492 4499 69
4499 4530 53
4530 4559 120
4559 4529 67
4529 4486 85
4486 4458 69
4458 4442 47
4442 4412 94
4412 4418 24
4418 4430 47
4430 4485 118
4485 4479 85
4479 4513 134
4513 4586 190
4586 4568 60
4568 4567 83
4567 4564 24
4564 4558 24
4558 4551 151
4551 4541 75
4541 4512 112
4512 4498 69
4498 4511 101
4511 4429 236
4429 4510 174
4510 4540 60
4540 4539 100
4539 4585 142
4585 4613 97
4613 4614 50
4614 4652 217
4652 4676 50
4676 4702 53
4702 4745 107
4745 4872 259
4872 4815 246
4815 4846 107
4846 4960 186
4960 5087 201
5087 5149 461
5149 5207 443
5207 5222 60
5222 5234 97
5234 5247 60
5247 5243 37
5243 5238 53
5238 5229 97
5229 5168 195
5168 5286 384
5286 5298 37
5298 5341 167
5341 5356 60
5356 5363 24
5363 5368 24
5368 5384 120
5384 5393 37
5393 5383 75
5383 5375 94
5375 5340 118
5340 5308 213
5308 5326 75
5326 5337 50
5337 5372 121
5372 5387 120
5387 5410 85
5410 5438 90
5438 5419 127
5419 5424 53
5424 5425 17
5425 5426 67
5426 5420 37
5420 5434 121
5434 5440 37
5440 5443 37
5443 5427 75
5427 5428 33
5428 5421 17
5421 5406 71
5406 5411 24
5411 5407 17
5407 5388 94
5388 5357 212
5357 5303 211
5303 5269 127
5269 5274 167
5274 5258 97
5258 5313 201
5313 5290 186
5290 5304 186
5304 5239 201
5239 5208 127
5208 5151 151
5151 5141 37
5141 5130 17
5130 5123 101
5123 5101 75
5101 5102 67
5102 5058 67
5058 5013 83
5013 5057 134
5057 5056 50
5056 5012 83
5012 5055 94
5055 5079 33
5079 5054 90
5054 5040 69
5040 5108 101
5108 5122 101
5122 5176 105
5176 5192 83
5192 5223 167
5223 5150 260
5150 5140 53
5140 5053 142
5053 5019 97
5019 5020 33
5020 4986 83
4986 4949 53
4949 4901 75
4901 4863 60
4863 4826 75
4826 4787 97
4787 4772 33
4772 4746 127
4746 4775 120
4775 4733 130
4733 4711 190
4711 4660 112
4660 4587 151
4587 4606 37
4606 4630 112
4630 4615 137
4615 4631 60
4631 4661 83
4661 4671 24
4671 4695 83
4695 4703 37
4703 4747 90
4747 4789 85
4789 4788 33
4788 4801 118
4801 4800 83
4800 4828 69
4828 4839 53
4839 4827 24
4827 4821 37
4821 4847 97
4847 4950 150
4950 4902 164
4902 4903 17
4903 4887 85
4887 4873 101
4873 4918 112
4918 4928 53
4928 4849 118
4849 4848 33
4848 4809 90
4809 4802 17
4802 4728 142
4728 4682 85
4682 4653 75
4653 4621 69
4621 4588 75
4588 4574 37
4574 4589 236
4589 4565 67
4565 4552 47
4552 4590 130
4590 4542 137
4542 4514 53
4514 4500 37
4500 4493 24
4493 4480 33
4480 4450 67
4450 4323 552
4323 4322 50
4322 4269 75
4269 4258 17
4258 4234 60
4234 4250 53
4250 4233 24
4233 4220 60
4220 4232 37
4232 4249 24
4249 4231 17
4231 4196 83
4196 4185 24
4185 4141 90
4141 4163 60
4163 4164 67
4164 4094 134
4094 4081 50
4081 4087 137
4087 4142 101
4142 4171 67
4171 4186 24
4186 4197 17
4197 4209 17
4209 4165 107
4165 4149 37
4149 4082 151
4082 4070 24
4070 4048 37
4048 4036 24
4036 4010 53
4010 4009 50
4009 3996 53
3996 3987 37
3987 3967 24
3967 3986 37
3986 3985 17
3985 3995 24
3995 4008 24
4008 4019 37
4019 4024 69
4024 4007 33
4007 3994 24
3994 3993 17
3993 4006 53
4006 4059 90
4059 4080 60
4080 4058 33
4058 4023 53
4023 4022 50
4022 4057 71
4057 4111 127
4111 4104 17
4104 4079 75
4079 4005 118
4005 3941 130
3941 3913 53
3913 3892 33
3892 3875 37
3875 3902 53
3902 3922 47
3922 3930 37
3930 3931 33
3931 3932 33
3932 3942 17
3942 3955 24
3955 3966 17
3966 3956 37
3956 3943 24
3943 3957 24
3957 3944 17
3944 3923 33
3923 3915 53
3915 3914 17
3914 3887 53
3887 3876 24
3876 3865 24
3865 3857 24
3857 3836 71
3836 3848 37
3848 3864 37
3864 3843 60
3843 3830 47
3830 3829 67
3829 3805 71
3805 3800 24
3800 3806 53
3806 3794 37
3794 3773 60
3773 3758 53
3758 3727 60
3727 3782 90
3782 3783 33
3783 3799 33
3799 3817 33
3817 3828 37
3828 3842 37
3842 3863 60
3863 3886 75
3886 3912 71
3912 3929 47
3929 3954 37
3954 3984 47
3984 3940 60
3940 3911 71
3911 3910 50
3910 3891 33
3891 3885 24
3885 3856 60
3856 3827 75
3827 3847 53
3847 3884 83
3884 3901 37
3901 3883 37
3883 3862 47
3862 3882 37
3882 3861 60
3861 3835 69
3835 3841 37
3841 3826 60
3826 3771 118
3771 3772 67
3772 3746 33
3746 3726 47
3726 3736 37
3736 3725 37
3725 3695 75
3695 3682 24
3682 3600 69
3600 3577 37
3577 3508 112
3508 3487 17
3487 3340 134
3340 3204 213
3204 3171 37
3171 3108 67
3108 3140 47
3140 3158 69
3158 3157 17
3157 3224 94
3224 3253 37
3253 3271 17
3271 3361 107
3361 3362 50
3362 3470 105
3470 3486 24
3486 3576 69
3576 3620 37
3620 3713 85
3713 3724 53
3724 3694 75
3694 3745 75
3745 3793 75
3793 3825 107
3825 3840 60
3840 3824 60
3824 3855 83
3855 3816 120
3816 3854 101
3854 3874 47
3874 3921 85
3921 3909 101
3909 4017 151
4017 3937 154
3937 3927 24
3927 3980 67
3980 4003 37
4003 4002 33
4002 4016 17
4016 4015 33
4015 4034 37
4034 4033 17
4033 4056 37
4056 4021 60
4021 4055 83
4055 4101 120
4101 4102 33
4102 4117 47
4117 4139 37
4139 4182 83
4182 4181 67
4181 4248 101
4248 4226 47
4226 4225 67
4225 4180 83
4180 4161 60
4161 4138 60
4138 4110 53
4110 4127 60
4127 4128 17
4128 4116 17
4116 4100 33
4100 4092 24
4092 4085 53
4085 4093 24
4093 4077 53
4077 4076 50
4076 4054 75
4054 4044 24
4044 4031 37
4031 4045 24
4045 4032 24
4032 4046 24
4046 4014 53
4014 3978 53
3978 3965 37
3965 3949 69
3949 3936 37
3936 3950 24
3950 3979 47
3979 3926 67
3926 3873 100
3873 3839 83
3839 3834 69
3834 3823 24
3823 3646 306
3646 3663 167
3663 3770 149
3770 3757 17
3757 3735 37
3735 3681 75
3681 3533 118
3533 3431 97
3431 3413 53
3413 3430 85
3430 3360 107
3360 3203 150
3203 3156 53
3156 3139 85
3139 3155 37
3155 3138 85
3138 3301 167
3301 3485 174
3485 3445 37
3445 3397 71
3397 3396 83
3396 3507 120
3507 3339 158
3339 3318 17
3318 3300 37
3300 3270 33
3270 3240 37
3240 3200 47
3200 3185 53
3185 3201 37
3201 3202 33
3202 3223 37
3223 3154 75
3154 3123 37
3123 3122 83
3122 3070 69
3070 3039 33
3039 3069 60
3069 3024 69
3024 2993 53
2993 2961 60
2961 2932 112
2932 2933 33
2933 2941 17
2941 2971 50
2971 2987 37
2987 2994 53
2994 3025 60
3025 3016 24
3016 3003 24
3003 3004 17
3004 3035 60
3035 3071 60
3071 3040 37
3040 3026 37
3026 2995 60
2995 2972 47
2972 2962 17
2962 2952 37
2952 2951 17
2951 2942 17
2942 2943 17
2943 2944 17
2944 2934 17
2934 2923 17
2923 2935 24
2935 2924 24
2924 2903 37
2903 2904 17
2904 2905 17
2905 2891 17
2891 2874 17
2874 2892 37
2892 2916 33
2916 2925 37
2925 2953 53
2953 2988 60
2988 3041 105
3041 3054 53
3054 3042 53
3042 3055 17
3055 3081 37
3081 3097 69
3097 3107 53
3107 3072 53
3072 3028 69
3028 3005 47
3005 3036 60
3036 3027 37
3027 2963 130
2963 2936 83
2936 2906 60
2906 2864 53
2864 2819 47
2819 2765 37
2765 2764 17
2764 2705 71
2705 2688 24
2688 2706 24
2706 2707 50
2707 2708 17
2708 2721 24
2721 2766 33
2766 2820 37
2820 2865 37
2865 2875 24
2875 2893 37
2893 2926 53
2926 2907 47
2907 2908 17
2908 2894 37
2894 2876 24
2876 2793 69
2793 2689 85
2689 2669 24
2669 2647 17
2647 2544 69
2544 2605 37
2605 2670 127
2670 2690 85
2690 2671 17
2671 2672 17
2672 2627 37
2627 2648 24
2648 2649 33
2649 2722 69
2722 2767 75
2767 2794 37
2794 2822 24
2822 2846 24
2846 2821 53
2821 2878 50
2878 2877 50
2877 2895 37
2895 2927 53
2927 2964 75
2964 2954 53
2954 2945 24
2945 2973 83
2973 3006 50
3006 3007 33
3007 3017 69
3017 2965 83
2965 2928 69
2928 2909 47
2909 2879 60
2879 2823 83
2823 2795 37
2795 2824 24
2824 2847 24
2847 2880 33
2880 2796 134
2796 2825 37
2825 2768 37
2768 2797 17
2797 2826 24
2826 2827 17
2827 2798 24
2798 2799 33
2799 2849 37
2849 2867 17
2867 2868 17
2868 2883 24
2883 2882 17
2882 2866 17
2866 2848 24
2848 2881 47
2881 2896 37
2896 2897 33
2897 2910 53
2910 2917 24
2917 2937 33
2937 2929 37
2929 2955 50
2955 2966 53
2966 2989 37
2989 3056 121
3056 3082 37
3082 3083 367
3083 3109 33
3109 3124 24
3124 3141 24
3141 3172 37
3172 3187 17
3187 3186 17
3186 3206 17
3206 3205 17
3205 3225 17
3225 3241 17
3241 3254 24
3254 3255 17
3255 3272 17
3272 3287 24
3287 3288 17
3288 3289 17
3289 3290 17
3290 3304 17
3304 3303 17
3303 3302 17
3302 3319 17
3319 3320 17
3320 3321 17
3321 3322 17
3322 3305 17
3305 3306 17
3306 3323 17
3323 3324 17
3324 3325 17
3325 3326 17
3326 3307 24
3307 3308 17
3308 3327 24
3327 3348 17
3348 3370 17
3370 3369 17
3369 3347 17
3347 3346 17
3346 3368 17
3368 3385 17
3385 3403 17
3403 3402 17
3402 3417 17
3417 3435 17
3435 3434 17
3434 3450 17
3450 3451 17
3451 3476 17
3476 3475 17
3475 3474 17
3474 3491 17
3491 3492 17
3492 3493 17
3493 3514 17
3514 3513 17
3513 3512 17
3512 3511 17
3511 3536 17
3536 3537 17
3537 3538 17
3538 3560 17
3560 3581 17
3581 3580 17
3580 3559 17
3559 3558 17
3558 3557 17
3557 3535 17
3535 3510 17
3510 3489 17
3489 3490 17
3490 3473 17
3473 3448 17
3448 3449 17
3449 3433 17
3433 3415 17
3415 3416 17
3416 3401 17
3401 3400 17
3400 3399 17
3399 3382 17
3382 3364 17
3364 3365 17
3365 3383 17
3383 3384 17
3384 3366 17
3366 3367 17
3367 3345 17
3345 3344 17
3344 3343 17
3343 3342 17
3342 3341 17
3341 3363 17
3363 3381 17
3381 3398 17
3398 3414 17
3414 3432 17
3432 3447 17
3447 3446 17
3446 3471 24
3471 3472 17
3472 3488 17
3488 3509 17
3509 3534 17
3534 3556 17
3556 3578 24
3578 3579 17
3579 3601 17
3601 3602 17
3602 3603 17
3603 3647 33
3647 3664 17
3664 3665 17
3665 3648 17
3648 3621 17
3621 3582 33
3582 3561 17
3561 3539 17
3539 3540 17
3540 3541 17
3541 3515 17
3515 3495 17
3495 3494 17
3494 3477 17
3477 3452 17
3452 3436 17
3436 3418 17
3418 3419 17
3419 3420 17
3420 3437 17
3437 3453 17
3453 3478 24
3478 3496 24
3496 3516 24
3516 3497 24
3497 3479 17
3479 3480 17
3480 3498 17
3498 3517 17
3517 3543 17
3543 3565 24
3565 3542 37
3542 3564 17
3564 3563 17
3563 3562 17
3562 3605 37
3605 3604 17
3604 3622 17
3622 3623 17
3623 3624 17
3624 3649 17
3649 3666 17
3666 3667 17
3667 3650 17
3650 3625 17
3625 3626 33
3626 3606 17
3606 3607 33
3607 3627 24
3627 3651 17
3651 3669 17
3669 3668 33
3668 3683 17
3683 3714 37
3714 3696 37
3696 3715 37
3715 3697 17
3697 3698 17
3698 3716 17
3716 3728 17
3728 3747 33
3747 3748 17
3748 3760 17
3760 3759 17
3759 3774 17
3774 3784 37
3784 3775 24
3775 3785 24
3785 3776 17
3776 3761 17
3761 3762 17
3762 3749 17
3749 3738 17
3738 3737 17
3737 3729 24
3729 3717 24
3717 3699 24
3699 3685 17
3685 3684 17
3684 3670 24
3670 3652 24
3652 3608 33
3608 3583 17
3583 3566 17
3566 3457 85
3457 3456 17
3456 3519 53
3519 3518 33
3518 3499 24
3499 3481 17
3481 3455 17
3455 3454 17
3454 3439 17
3439 3406 33
3406 3438 60
3438 3421 17
3421 3405 24
3405 3404 17
3404 3386 17
3386 3387 17
3387 3371 17
3371 3372 17
3372 3373 17
3373 3349 24
3349 3350 17
3350 3328 24
3328 3309 17
3309 3295 24
3295 3278 24
3278 3262 37
3262 3277 17
3277 3294 24
3294 3293 17
3293 3276 17
3276 3261 17
3261 3246 17
3246 3230 17
3230 3210 17
3210 3209 17
3209 3229 17
3229 3228 17
3228 3227 17
3227 3243 17
3243 3258 17
3258 3259 17
3259 3244 17
3244 3245 17
3245 3260 17
3260 3275 17
3275 3274 17
3274 3292 17
3292 3291 17
3291 3273 17
3273 3257 24
3257 3256 17
3256 3242 24
3242 3226 17
3226 3207 17
3207 3208 17
3208 3188 17
3188 3189 17
3189 3190 17
3190 3191 17
3191 3176 17
3176 3175 17
3175 3174 17
3174 3173 17
3173 3159 17
3159 3160 17
3160 3161 17
3161 3142 17
3142 3125 17
3125 3110 17
3110 3098 17
3098 3099 17
3099 3111 17
3111 3126 17
3126 3143 17
3143 3144 17
3144 3162 17
3162 3163 17
3163 3177 17
3177 3192 17
3192 3211 17
3211 3231 24
3231 3212 17
3212 3193 17
3193 3178 17
3178 3164 17
3164 3145 17
3145 3129 17
3129 3128 17
3128 3127 17
3127 3112 17
3112 3113 17
3113 3100 24
3100 3085 24
3085 3084 33
3084 3073 17
3073 3058 24
3058 3057 33
3057 3043 17
3043 3044 17
3044 3037 17
3037 2884 430
2884 2869 17
2869 2850 17
2850 2851 17
2851 2852 17
2852 2853 17
2853 2854 17
2854 2870 17
2870 2885 24
2885 2855 33
2855 2834 17
2834 2833 17
2833 2832 17
2832 2807 17
2807 2806 17
2806 2831 17
2831 2830 17
2830 2805 17
2805 2804 17
2804 2829 17
2829 2828 17
2828 2803 17
2803 2771 24
2771 2744 17
2744 2772 24
2772 2773 17
2773 2774 17
2774 2746 17
2746 2745 17
2745 2725 17
2725 2712 17
2712 2713 17
2713 2726 17
2726 2727 17
2727 2728 17
2728 2748 17
2748 2747 17
2747 2775 17
2775 2776 17
2776 2777 17
2777 2808 17
2808 2809 17
2809 2810 17
2810 2835 17
2835 2856 17
2856 2857 17
2857 2837 24
2837 2836 17
2836 2811 17
2811 2780 17
2780 2781 17
2781 2753 17
2753 2752 17
2752 2751 17
2751 2779 17
2779 2778 17
2778 2750 17
2750 2749 17
2749 2729 17
2729 2714 17
2714 2715 17
2715 2694 17
2694 2693 33
2693 2692 17
2692 2679 17
2679 2678 17
2678 2654 17
2654 2635 37
2635 2614 17
2614 2615 17
2615 2616 17
2616 2591 17
2591 2564 17
2564 2565 17
2565 2592 17
2592 2617 17
2617 2618 17
2618 2639 17
2639 2640 17
2640 2659 17
2659 2658 17
2658 2657 17
2657 2638 17
2638 2637 17
2637 2636 17
2636 2655 17
2655 2656 17
2656 2680 17
2680 2681 17
2681 2695 17
2695 2716 17
2716 2730 17
2730 2731 17
2731 2717 17
2717 2718 17
2718 2732 17
2732 2733 17
2733 2697 33
2697 2696 17
2696 2682 17
2682 2683 17
2683 2684 17
2684 2661 17
2661 2660 17
2660 2641 17
2641 2620 17
2620 2595 17
2595 2619 24
2619 2594 17
2594 2593 17
2593 2566 17
2566 2531 17
2531 2532 17
2532 2567 17
2567 2568 17
2568 2533 17
2533 2534 17
2534 2569 17
2569 2596 17
2596 2621 17
2621 2642 17
2642 2643 17
2643 2622 17
2622 2597 17
2597 2570 17
2570 2535 17
2535 2503 17
2503 2502 17
2502 2501 17
2501 2480 17
2480 2481 17
2481 2482 17
2482 2459 17
2459 2429 17
2429 2458 24
2458 2428 17
2428 2400 17
2400 2399 17
2399 2427 17
2427 2457 17
2457 2456 17
2456 2479 17
2479 2500 17
2500 2499 17
2499 2498 17
2498 2530 17
2530 2529 17
2529 2528 17
2528 2563 17
2563 2527 24
2527 2562 24
2562 2497 47
2497 2419 53
2419 2418 17
2418 2392 24
2392 2329 33
2329 2298 24
2298 2266 17
2266 2267 33
2267 2237 17
2237 2238 17
2238 2239 17
2239 2212 17
2212 2211 17
2211 2187 17
2187 2165 17
2165 2188 24
2188 2166 17
2166 2128 17
2128 2095 17
2095 2064 17
2064 2065 17
2065 2096 17
2096 2097 17
2097 2130 17
2130 2129 17
2129 2167 17
2167 2168 17
2168 2190 17
2190 2189 17
2189 2213 17
2213 2240 17
2240 2270 17
2270 2271 17
2271 2272 17
2272 2273 17
2273 2304 17
2304 2335 17
2335 2334 17
2334 2303 17
2303 2302 17
2302 2333 17
2333 2332 17
2332 2301 17
2301 2300 17
2300 2269 17
2269 2268 17
2268 2299 17
2299 2330 17
2330 2331 17
2331 2361 17
2361 2360 17
2360 2393 17
2393 2394 17
2394 2395 17
2395 2362 17
2362 2363 17
2363 2396 17
2396 2424 17
2424 2423 17
2423 2422 17
2422 2421 17
2421 2420 17
2420 2451 24
2451 2476 24
2476 2452 17
2452 2453 17
2453 2454 17
2454 2477 17
2477 2478 17
2478 2455 17
2455 2425 17
2425 2426 17
2426 2398 17
2398 2397 17
2397 2364 17
2364 2365 17
2365 2366 17
2366 2336 17
2336 2305 17
2305 2306 17
2306 2337 17
2337 2367 17
2367 2368 17
2368 2307 137
2307 2175 130
2175 2100 33
2100 2174 37
2174 2173 17
2173 2135 17
2135 2134 17
2134 2172 17
2172 2194 17
2194 2195 17
2195 2219 17
2219 2218 17
2218 2245 17
2245 2274 17
2274 2244 24
2244 2217 17
2217 2216 17
2216 2243 17
2243 2242 17
2242 2241 17
2241 2214 17
2214 2215 17
2215 2191 17
2191 2192 17
2192 2193 17
2193 2171 17
2171 2133 17
2133 2132 17
2132 2170 17
2170 2169 17
2169 2131 17
2131 2098 17
2098 2099 17
2099 2068 17
2068 2067 17
2067 2066 17
2066 2043 17
2043 2042 17
2042 2013 17
2013 2012 17
2012 2041 17
2041 2040 33
2040 2063 17
2063 2094 17
2094 2127 17
2127 2164 17
2164 2186 24
2186 2163 17
2163 2126 17
2126 2093 17
2093 1881 485
1881 1913 17
1913 1967 33
1967 1966 50
1966 1965 33
1965 1964 17
1964 1942 24
1942 1941 17
1941 1963 17
1963 1962 33
1962 1910 37
1910 1879 17
1879 1828 33
1828 1827 17
1827 1808 17
1808 1809 17
1809 1789 17
1789 1768 24
1768 1790 24
1790 1812 24
1812 1811 17
1811 1810 17
1810 1829 17
1829 1830 17
1830 1911 53
1911 1943 37
1943 1944 17
1944 1912 17
1912 1880 17
1880 1857 17
1857 1831 17
1831 1813 24
1813 1791 17
1791 1770 17
1770 1728 60
1728 1714 24
1714 1743 60
1743 1742 17
1742 1755 24
1755 1769 24
1769 1754 17
1754 1753 17
1753 1741 17
1741 1727 17
1727 1713 17
1713 1621 143
1621 1620 83
1620 1606 17
1606 1579 47
1579 1593 17
1593 1659 90
1659 1788 180
1788 1824 33
1824 1854 24
1854 1878 17
1878 1855 37
1855 1825 17
1825 1826 33
1826 1856 24
1856 1908 33
1908 1909 17
1909 1961 37
1961 1960 33
1960 1940 37
1940 1959 69
1959 1939 24
1939 1985 47
1985 2083 69
2083 2056 37
2056 2084 53
2084 2036 60
2036 2057 24
2057 2119 33
2119 2157 24
2157 2156 17
2156 2207 37
2207 2208 33
2208 2259 47
2259 2292 24
2292 2322 24
2322 2354 24
2354 2355 17
2355 2386 24
2386 2414 17
2414 2356 47
2356 2323 17
2323 2232 60
2232 2293 47
2293 2260 24
2260 2233 17
2233 2234 17
2234 2261 17
2261 2387 94
2387 2357 17
2357 2294 47
2294 2262 24
2262 2263 17
2263 2236 17
2236 2235 17
2235 2209 17
2209 2183 24
2183 2159 24
2159 2122 53
2122 2121 17
2121 2158 17
2158 2120 24
2120 2088 17
2088 2087 17
2087 2086 17
2086 2085 33
2085 2058 24
2058 2059 33
2059 2007 33
2007 2008 17
2008 2037 24
2037 2038 17
2038 2009 53
2009 2010 17
2010 2011 17
2011 2060 37
2060 2089 24
2089 2090 17
2090 2123 17
2123 2091 24
2091 2061 17
2061 2039 17
2039 2062 24
2062 2092 24
2092 2124 24
2124 2125 17
2125 2162 17
2162 2185 17
2185 2161 37
2161 2160 17
2160 2184 24
2184 2210 24
2210 2264 33
2264 2295 17
2295 2296 17
2296 2265 24
2265 2297 17
2297 2328 24
2328 2359 17
2359 2327 24
2327 2326 17
2326 2325 17
2325 2324 17
2324 2358 17
2358 2388 17
2388 2389 17
2389 2390 17
2390 2391 17
2391 2417 24
2417 2416 17
2416 2450 17
2450 2475 24
2475 2496 17
2496 2526 24
2526 2561 17
2561 2560 17
2560 2525 17
2525 2495 17
2495 2494 17
2494 2524 17
2524 2523 17
2523 2522 17
2522 2558 17
2558 2559 17
2559 2589 17
2589 2590 17
2590 2613 24
2613 2634 17
2634 2653 17
2653 2652 17
2652 2677 24
2677 2676 17
2676 2675 17
2675 2711 37
2711 2710 33
2710 2723 24
2723 2724 17
2724 2743 17
2743 2770 37
2770 2802 17
2802 2801 17
2801 2800 17
2800 2769 24
2769 2742 17
2742 2741 17
2741 2709 37
2709 2691 37
2691 2674 69
2674 2588 69
2588 2557 17
2557 2493 37
2493 2449 37
2449 2415 24
2415 2448 69
2448 2474 37
2474 2556 53
2556 2555 17
2555 2554 17
2554 2521 17
2521 2520 17
2520 2553 17
2553 2552 17
2552 2587 17
2587 2611 17
2611 2612 17
2612 2651 33
2651 2633 24
2633 2632 17
2632 2650 24
2650 2673 17
2673 2631 37
2631 2609 24
2609 2610 17
2610 2586 17
2586 2551 17
2551 2519 17
2519 2518 17
2518 2550 17
2550 2549 17
2549 2585 17
2585 2548 37
2548 2584 17
2584 2608 24
2608 2630 17
2630 2629 17
2629 2628 17
2628 2607 24
2607 2606 17
2606 2546 47
2546 2547 33
2547 2515 17
2515 2516 17
2516 2517 17
2517 2491 24
2491 2492 17
2492 2473 17
2473 2447 24
2447 2413 17
2413 2446 37
2446 2412 17
2412 2411 17
2411 2410 17
2410 2383 17
2383 2384 17
2384 2385 17
2385 2321 37
2321 2320 17
2320 2291 24
2291 2258 24
2258 2182 60
2182 2206 53
2206 2257 33
2257 2290 24
2290 2319 24
2319 2352 24
2352 2353 33
2353 2382 17
2382 2445 33
2445 2514 60
2514 2513 33
2513 2545 24
2545 2512 17
2512 2490 17
2490 2472 24
2472 2511 47
2511 2444 71
2444 2381 37
2381 2350 17
2350 2351 17
2351 2317 24
2317 2318 17
2318 2231 50
2231 2256 24
2256 2255 33
2255 2230 17
2230 2205 24
2205 2254 33
2254 2253 17
2253 2289 24
2289 2316 24
2316 2349 17
2349 2348 33
2348 2379 24
2379 2380 17
2380 2408 17
2408 2409 17
2409 2471 33
2471 2489 24
2489 2443 47
2443 2442 50
2442 2407 37
2407 2378 37
2378 2313 60
2313 2314 17
2314 2286 85
2286 2226 37
2226 2201 24
2201 2114 50
2114 2148 37
2148 2115 24
2115 2031 50
2031 2000 24
2000 1979 17
1979 1980 33
1980 2001 17
2001 2002 33
2002 2052 37
2052 2082 37
2082 2116 17
2116 2152 24
2152 2151 17
2151 2150 17
2150 2149 17
2149 2180 24
2180 2202 17
2202 2203 17
2203 2251 37
2251 2287 37
2287 2315 17
2315 2288 24
2288 2252 24
2252 2204 37
2204 2227 24
2227 2228 17
2228 2229 17
2229 2181 33
2181 2153 17
2153 2154 33
2154 2155 17
2155 2117 17
2117 2118 50
2118 2055 47
2055 2035 17
2035 2034 17
2034 2054 24
2054 2053 17
2053 2033 17
2033 2032 17
2032 2003 17
2003 2004 17
2004 2005 17
2005 1983 17
1983 1984 17
1984 1956 24
1956 1936 17
1936 1905 37
1905 1935 17
1935 1955 17
1955 1954 17
1954 1982 17
1982 1981 17
1981 1953 17
1953 1934 24
1934 1874 37
1874 1875 17
1875 1876 17
1876 1852 17
1852 1851 17
1851 1823 17
1823 1805 17
1805 1784 24
1784 1765 17
1765 1749 17
1749 1750 17
1750 1739 17
1739 1712 33
1712 1679 37
1679 1658 33
1658 1648 37
1648 1666 37
1666 1680 17
1680 1694 37
1694 1693 50
1693 1740 53
1740 1751 17
1751 1767 24
1767 1766 17
1766 1785 17
1785 1786 17
1786 1806 24
1806 1853 37
1853 1877 37
1877 1906 24
1906 1937 17
1937 1938 17
1938 1957 17
1957 2006 47
2006 1958 37
1958 1907 37
1907 1807 94
1807 1787 17
1787 1752 47
1752 1619 167
1619 1578 127
1578 1533 97
1533 1541 151
1541 1569 83
1569 1561 53
1561 1586 53
1586 1587 17
1587 1588 17
1588 1603 17
1603 1602 17
1602 1616 17
1616 1615 17
1615 1629 17
1629 1643 17
1643 1674 60
1674 1707 33
1707 1725 17
1725 1747 37
1747 1736 37
1736 1737 67
1737 1708 37
1708 1709 17
1709 1690 37
1690 1691 17
1691 1677 37
1677 1665 17
1665 1664 17
1664 1676 37
1676 1675 17
1675 1663 17
1663 1654 37
1654 1644 24
1644 1630 17
1630 1631 33
1631 1632 17
1632 1645 24
1645 1655 24
1655 1656 17
1656 1646 17
1646 1633 24
1633 1617 24
1617 1589 33
1589 1577 37
1577 1590 17
1590 1591 17
1591 1592 17
1592 1605 17
1605 1604 17
1604 1618 24
1618 1634 24
1634 1647 24
1647 1657 17
1657 1678 33
1678 1692 17
1692 1711 17
1711 1710 17
1710 1726 17
1726 1738 24
1738 1748 17
1748 1764 37
1764 1804 37
1804 1822 17
1822 1850 17
1850 1821 24
1821 1820 17
1820 1849 17
1849 1848 17
1848 1870 24
1870 1869 17
1869 1847 17
1847 1819 17
1819 1846 24
1846 1845 17
1845 1868 24
1868 1898 24
1898 1899 17
1899 1900 17
1900 1901 17
1901 1902 17
1902 1903 17
1903 1871 17
1871 1872 17
1872 1873 17
1873 1904 24
1904 1933 24
1933 1932 17
1932 1931 17
1931 1930 17
1930 1929 17
1929 1928 17
1928 1978 33
1978 1999 37
1999 1977 24
1977 1952 24
1952 1927 24
1927 1867 33
1867 1844 24
1844 1843 17
1843 1842 17
1842 1803 33
1803 1783 17
1783 1782 17
1782 1802 17
1802 1801 33
1801 1763 37
1763 1762 17
1762 1735 37
1735 1724 24
1724 1689 37
1689 1673 17
1673 1653 37
1653 1688 53
1688 1734 53
1734 1781 50
1781 1897 83
1897 1976 53
1976 1996 17
1996 2113 164
2113 2051 154
2051 2077 24
2077 2078 17
2078 1997 53
1997 1998 50
1998 2030 24
2030 2081 37
2081 2080 17
2080 2079 17
2079 2147 33
2147 2225 50
2225 2285 37
2285 2470 100
2470 2488 17
2488 2543 37
2543 2583 17
2583 2604 17
2604 2668 71
2668 2720 83
2720 2761 33
2761 2762 17
2762 2740 24
2740 2763 24
2763 2790 17
2790 2791 17
2791 2792 33
2792 2845 47
2845 2818 37
2818 2817 17
2817 2844 17
2844 2863 37
2863 2843 24
2843 2890 83
2890 2816 67
2816 2842 53
2842 2873 90
2873 2841 47
2841 2789 37
2789 2760 69
2760 2889 100
2889 2902 24
2902 2840 107
2840 2759 71
2759 2626 203
2626 2739 194
2739 2758 234
2758 2839 53
2839 2872 37
2872 2915 60
2915 2949 83
2949 3021 118
3021 3067 94
3067 3022 75
3022 3014 69
3014 2985 60
2985 2970 17
2970 2958 37
2958 2959 17
2959 2921 67
2921 2922 50
2922 2950 53
2950 2960 17
2960 2986 60
2986 3002 37
3002 3001 33
3001 3015 24
3015 3023 24
3023 3068 67
3068 3095 90
3095 3096 33
3096 3121 33
3121 3137 24
3137 3170 90
3170 3136 33
3136 3120 37
3120 3106 24
3106 3119 53
3119 3184 83
3184 3199 134
3199 3080 189
3080 3222 190
3222 3284 75
3284 3285 100
3285 3269 24
3269 3411 134
3411 3598 180
3598 3618 85
3618 3555 97
3555 3531 101
3531 3443 75
3443 3412 37
3412 3358 53
3358 3359 67
3359 3393 37
3393 3394 83
3394 3286 101
3286 3238 50
3238 3239 50
3239 3299 75
3299 3338 33
3338 3380 60
3380 3395 24
3395 3444 60
3444 3469 53
3469 3532 53
3532 3599 53
3599 3619 69
3619 3756 158
3756 3680 154
3680 3662 37
3662 3712 53
3712 3744 112
3744 3815 134
3815 3833 60
3833 3881 105
3881 3948 134
3948 3991 53
3991 3976 69
3976 4020 69
4020 4067 94
4067 4108 100
4108 4168 154
4168 4267 164
4267 4245 154
4245 4217 97
4217 4205 69
4205 4179 47
4179 4159 37
4159 4148 33
4148 4154 37
4154 4126 53
4126 4107 47
4107 4091 47
4091 4099 85
4099 4043 117
4043 3975 101
3975 3964 37
3964 3890 121
3890 3860 112
3860 3872 53
3872 3880 37
3880 3846 211
3846 3781 172
3781 3769 151
3769 3711 90
3711 3661 71
3661 3645 53
3645 3597 37
3597 3442 117
3442 3392 71
3392 3357 60
3357 3221 177
3221 3153 67
3153 3237 186
3237 3379 142
3379 3617 201
3617 3616 67
3616 3596 37
3596 3679 69
3679 3678 50
3678 3710 75
3710 3814 167
3814 3792 71
3792 3768 105
3768 3709 90
3709 3660 60
3660 3693 75
3693 3677 24
3677 3575 90
3575 3554 69
3554 3484 53
3484 3506 69
3506 3468 75
3468 3530 50
3530 3644 85
3644 3692 60
3692 3798 151
3798 3813 47
3813 3845 85
3845 3853 85
3853 3879 97
3879 3918 69
3918 3900 60
3900 3925 112
3925 3990 85
3990 4000 24
4000 4042 69
4042 4053 37
4053 4075 47
4075 4052 60
4052 4028 37
4028 3974 85
3974 4013 71
4013 4027 33
4027 4066 71
4066 3973 134
3973 3947 60
3947 3908 67
3908 3899 53
3899 3871 50
3871 3812 134
3812 3723 164
3723 3676 83
3676 3755 101
3755 3791 71
3791 3822 118
3822 3790 85
3790 3754 71
3754 3743 85
3743 3691 69
3691 3659 105
3659 3505 118
3505 3483 24
3483 3552 97
3552 3574 85
3574 3467 90
3467 3298 158
3298 3336 60
3336 3337 50
3337 3316 101
3316 3428 105
3428 3427 67
3427 3529 97
3529 3595 60
3595 3615 53
3615 3643 85
3643 3553 69
3553 3429 112
3429 3317 141
3317 3236 157
3236 3183 50
3183 3152 170
3152 3066 130
3066 3013 85
3013 2969 75
2969 2901 276
2901 2687 195
2687 2667 37
2667 2603 83
2603 2666 142
2666 2738 134
2738 2487 186
2487 2469 37
2469 2441 85
2441 2200 137
2200 2199 100
2199 2224 53
2224 2347 75
2347 2582 167
2582 2686 186
2686 2931 233
2931 2948 75
2948 2984 60
2984 2983 100
2983 2968 53
2968 2992 60
2992 3000 37
3000 3169 219
3169 3182 37
3182 3235 60
3235 3198 90
3198 3151 53
3151 3105 71
3105 3094 17
3094 3065 47
3065 3118 67
3118 3150 60
3150 3196 60
3196 3197 17
3197 3268 75
3268 3267 100
3267 3297 37
3297 3378 67
3378 3410 33
3410 3466 53
3466 3594 105
3594 3642 37
3642 3675 47
3675 3593 83
3593 3674 83
3674 3722 71
3722 3708 53
3708 3742 50
3742 3767 121
3767 3804 69
3804 3870 164
3870 3934 127
3934 3917 90
3917 3889 97
3889 3818 150
3818 3811 85
3811 3789 83
3789 3753 53
3753 3690 143
3690 3641 83
3641 3550 75
3550 3592 37
3592 3614 24
3614 3572 47
3572 3573 83
3573 3551 24
3551 3465 107
3465 3391 83
3391 3409 69
3409 3335 107
3335 3266 69
3266 3180 85
3180 3194 69
3194 3135 107
3135 3181 60
3181 3251 69
3251 3283 47
3283 3296 37
3296 3252 50
3252 3220 37
3220 3168 53
3168 3195 60
3195 3149 53
3149 3104 53
3104 3064 53
3064 3020 94
3020 2982 67
2982 2957 105
2957 2999 67
2999 3012 17
3012 3034 60
3034 3063 60
3063 3079 24
3079 3062 118
3062 3053 85
3053 3117 130
3117 3167 60
3167 3250 107
3250 3166 97
3166 3148 53
3148 3147 17
3147 3061 112
3061 3038 37
3038 3060 75
3060 3033 83
3033 3011 60
3011 2947 167
2947 2940 85
2940 2913 60
2913 2815 105
2815 2786 118
2786 2736 60
2736 2737 17
2737 2787 75
2787 2919 133
2919 2788 213
2788 2862 83
2862 2887 47
2887 2920 97
2920 2914 53
2914 2888 121
2888 2838 60
2838 2704 130
2704 2581 101
2581 2377 143
2377 2223 107
2223 2146 50
2146 2179 37
2179 2076 112
2076 1926 101
1926 1895 24
1895 1841 37
1841 1780 60
1780 1840 97
1840 1818 17
1818 1800 37
1800 1746 53
1746 1601 227
1601 1557 227
1557 1550 101
1550 1600 107
1600 1641 97
1641 1652 53
1652 1687 71
1687 1723 37
1723 1722 67
1722 1761 60
1761 1866 85
1866 1925 60
1925 1994 53
1994 1995 33
1995 2050 37
2050 2075 37
2075 2112 37
2112 2250 90
2250 2178 60
2178 2049 94
2049 1993 60
1993 2222 137
2222 2510 180
2510 2625 67
2625 2580 75
2580 2579 17
2579 2578 33
2578 2665 75
2665 2646 69
2646 2486 105
2486 2468 37
2468 2485 69
2485 2467 24
2467 2376 50
2376 2346 37
2346 2542 190
2542 2577 24
2577 2735 133
2735 2861 90
2861 2757 83
2757 2814 47
2814 2703 143
2703 2756 53
2756 2702 222
2702 2438 186
2438 2284 118
2284 2177 94
2177 2073 71
2073 2029 75
2029 2108 97
2108 2028 71
2028 2047 69
2047 2283 133
2283 2344 47
2344 2575 149
2575 2685 97
2685 2785 172
2785 2912 134
2912 2939 271
2939 2980 94
2980 3019 75
3019 3032 69
3032 3050 60
3050 3133 167
3133 3217 85
3217 3314 105
3314 3464 201
3464 3315 134
3315 3249 94
3249 3146 120
3146 3116 121
3116 3051 90
3051 3010 83
3010 2991 37
2991 2981 101
2981 3052 121
3052 3093 60
3093 3134 97
3134 3219 83
3219 3218 67
3218 3282 83
3282 3334 97
3334 3426 97
3426 3571 117
3571 3591 37
3591 3658 53
3658 3721 69
3721 3741 90
3741 3673 97
3673 3590 67
3590 3549 37
3549 3548 50
3548 3528 37
3528 3390 118
3390 3377 24
3377 3356 85
3356 3333 24
3333 3332 150
3332 3355 37
3355 3504 133
3504 3657 134
3657 3640 85
3640 3656 85
3656 3803 206
3803 3733 165
3733 3734 183
3734 3707 60
3707 3752 120
3752 3810 120
3810 3838 75
3838 3821 60
3821 3832 37
3832 3897 167
3897 3888 267
3888 3988 158
3988 3998 151
3998 4039 120
4039 4105 133
4105 4121 33
4121 4173 112
4173 4187 69
4187 4211 60
4211 4172 83
4172 4089 194
4089 4011 154
4011 4038 158
4038 3924 180
3924 3916 17
3916 3852 261
3852 3837 60
3837 3720 219
3720 3706 37
3706 3639 69
3639 3503 101
3503 3527 151
3527 3354 180
3354 3281 94
3281 3265 37
3265 3234 37
3234 3216 37
3216 3165 53
3165 3049 167
3049 3280 300
3280 3389 105
3389 3463 83
3463 3482 17
3482 3613 112
3613 3732 143
3732 3705 154
3705 3704 117
3704 3740 97
3740 3797 186
3797 3896 239
3896 3972 232
3972 4134 285
4134 4239 190
4239 4262 60
4262 4238 154
4238 4237 150
4237 4353 170
4353 4385 164
4385 4366 154
4366 4336 69
4336 4287 67
4287 4200 149
4200 4199 83
4199 4120 137
4120 4072 134
4072 4049 203
4049 3971 177
3971 3869 170
3869 3962 201
3962 3946 69
3946 3961 134
3961 3878 149
3878 3802 186
3802 3408 403
3408 3132 366
3132 3103 318
3103 3264 273
3264 3233 33
3233 3215 37
3215 3092 142
3092 3091 50
3091 3078 69
3078 3090 53
3090 2977 170
2977 2976 17
2976 3077 250
3077 3313 255
3313 3376 83
3376 3547 154
3547 3638 94
3638 3702 69
3702 3703 33
3703 3819 206
3819 3766 165
3766 3719 149
3719 3820 195
3820 3859 83
3859 3868 134
3868 3906 120
3906 3997 157
3997 4025 190
4025 3933 149
3933 3960 318
3960 3905 130
3905 3895 24
3895 3867 83
3867 3780 217
3780 3441 318
3441 3425 85
3425 3312 112
3312 3131 186
3131 3048 120
3048 3030 219
3030 3047 90
3047 3046 33
3046 3076 37
3076 3075 33
3075 3102 37
3102 3101 183
3101 3089 85
3089 3088 83
3088 3074 151
3074 3045 33
3045 2898 417
2898 2860 83
2860 2734 83
2734 2719 53
2719 2663 71
2663 2783 101
2783 2754 284
2754 2784 251
2784 2598 154
2598 2539 75
2539 2599 47
2599 2462 85
2462 2341 69
2341 2197 90
2197 2372 120
2372 2463 53
2463 2540 60
2540 2572 69
2572 2645 60
2645 2573 53
2573 2402 100
2402 2373 24
2373 2374 17
2374 2342 118
2342 2281 90
2281 2464 101
2464 2435 85
2435 2434 17
2434 2541 67
2541 2624 83
2624 2755 165
2755 2812 33
2812 2886 67
2886 2899 151
2899 2930 60
2930 2946 47
2946 2956 17
2956 2978 37
2978 2990 24
2990 2997 17
2997 3031 71
3031 2998 53
2998 2979 75
2979 2938 67
2938 2813 212
2813 2700 130
2700 2600 130
2600 2574 37
2574 2465 149
2465 2375 271
2375 2601 137
2601 2701 201
2701 2871 157
2871 2911 206
2911 2900 17
2900 2664 224
2664 2602 222
2602 2436 130
2436 2437 17
2437 2484 75
2484 2507 37
2507 2404 69
2404 2176 201
2176 2027 85
2027 2107 127
2107 1891 201
1891 1704 224
1704 1705 117
1705 1759 94
1759 1796 37
1796 1892 149
1892 1797 134
1797 1760 105
1760 1720 53
1720 1670 60
1670 1686 37
1686 1669 24
1669 1651 37
1651 1685 53
1685 1719 90
1719 1684 60
1684 1610 100
1610 1583 37
1583 1538 90
1538 1508 69
1508 1488 24
1488 1478 24
1478 1519 53
1519 1530 170
1530 1477 107
1477 1456 60
1456 1435 37
1435 1393 195
1393 1444 118
1444 1436 37
1436 1401 53
1401 1414 37
1414 1367 130
1367 1402 90
1402 1403 67
1403 1437 71
1437 1462 60
1462 1446 90
1446 1445 50
1445 1479 83
1479 1489 17
1489 1520 75
1520 1490 37
1490 1524 71
1524 1491 53
1491 1492 50
1492 1509 24
1509 1539 67
1539 1525 47
1525 1480 83
1480 1457 60
1457 1424 50
1424 1425 67
1425 1404 37
1404 1394 53
1394 1438 94
1438 1415 37
1415 1395 33
1395 1375 33
1375 1351 90
1351 1260 271
1260 1282 69
1282 1347 184
1347 1359 37
1359 1358 17
1358 1368 75
1368 1357 33
1357 1346 60
1346 1371 90
1371 1364 90
1364 1327 101
1327 1326 17
1326 1332 85
1332 1317 94
1317 1272 130
1272 1323 189
1323 1311 97
1311 1281 69
1281 1305 174
1305 1304 83
1304 1325 85
1325 1310 94
1310 1297 33
1297 1268 94
1268 1240 69
1240 1233 17
1233 1215 83
1215 1229 90
1229 1234 24
1234 1235 33
1235 1230 53
1230 1217 33
1217 1216 33
1216 1206 17
1206 1207 17
1207 1198 24
1198 1199 33
1199 1188 17
1188 1187 17
1187 1179 17
1179 1171 24
1171 1170 67
1170 1169 33
1169 1162 85
1162 1161 17
1161 1186 83
1186 1205 33
1205 1204 17
1204 1214 37
1214 1203 53
1203 1259 121
1259 1228 83
1228 1220 17
1220 1197 71
1197 1213 47
1213 1158 105
1158 1144 60
1144 1159 83
1159 1178 47
1178 1160 47
1160 1150 90
1150 1145 24
1145 1136 90
1136 1110 100
1110 1087 53
1087 1073 17
1073 1057 24
1057 1046 17
1046 1074 75
1074 1100 47
1100 1115 83
1115 1088 85
1088 1075 24
1075 1023 75
1023 1000 60
1000 997 24
997 991 24
991 996 69
996 958 101
958 957 17
957 947 85
947 931 90
931 856 121
856 857 17
857 799 157
799 784 24
784 776 24
776 777 33
777 785 53
785 778 24
778 758 37
758 786 71
786 808 37
808 820 90
820 831 24
831 866 85
866 848 60
848 849 33
849 850 50
850 812 97
812 851 97
851 903 90
903 959 120
959 986 83
986 968 47
968 969 33
969 974 24
974 1014 90
1014 1015 17
1015 1058 69
1058 1116 127
1116 1121 85
1121 1117 37
1117 1151 117
1151 1163 47
1163 1180 90
1180 1146 90
1146 1118 100
1118 1106 50
1106 1105 33
1105 1077 83
1077 1089 53
1089 1076 53
1076 1016 97
1016 992 71
992 961 83
961 943 83
943 916 83
916 879 53
879 859 75
859 858 33
858 832 75
832 840 53
840 821 37
821 813 24
813 833 60
833 841 37
841 822 33
822 823 50
823 801 53
801 768 60
768 759 37
759 780 37
780 800 60
800 779 33
779 767 37
767 752 37
752 739 37
739 706 60
706 675 53
675 676 50
676 707 50
707 716 101
716 638 154
638 653 69
653 753 151
753 769 75
769 852 174
852 860 37
860 889 60
889 880 69
880 932 107
932 944 53
944 987 100
987 1036 239
1036 1101 172
1101 1107 53
1107 1024 203
1024 1059 354
1059 904 300
904 881 47
881 975 201
975 1111 354
1111 1078 134
1078 1001 105
1001 933 224
933 882 83
882 867 284
867 1002 306
1002 1079 112
1079 1060 184
1060 1130 174
1130 1164 101
1164 1189 50
1189 1241 127
1241 1274 85
1274 1283 17
1283 1306 71
1306 1307 100
1307 1318 37
1318 1329 60
1329 1360 85
1360 1369 90
1369 1416 130
1416 1448 97
1448 1426 60
1426 1447 47
1447 1439 37
1439 1405 50
1405 1386 47
1386 1377 37
1377 1352 90
1352 1328 75
1328 1273 250
1273 1376 307
1376 1464 158
1464 1510 83
1510 1568 154
1568 1567 50
1567 1599 60
1599 1640 71
1640 1612 33
1612 1540 117
1540 1531 37
1531 1494 149
1494 1463 71
1463 1493 53
1493 1526 53
1526 1549 71
1549 1584 107
1584 1627 83
1627 1639 17
1639 1611 90
1611 1721 134
1721 1731 37
1731 1745 53
1745 1776 37
1776 1838 71
1838 1863 17
1863 1839 85
1839 1893 60
1893 1950 33
1950 1991 37
1991 1864 85
1864 1798 50
1798 1777 53
1777 1865 75
1865 1778 69
1778 1732 53
1732 1706 33
1706 1733 90
1733 1662 186
1662 1779 137
1779 1894 130
1894 2109 167
2109 2221 94
2221 2312 53
2312 2405 60
2405 2508 69
2508 2439 83
2439 2440 33
2440 2466 17
2466 2576 75
2576 2509 47
2509 2406 75
2406 2345 37
2345 2249 83
2249 2074 100
2074 1992 60
1992 1923 60
1923 1924 83
1924 2110 121
2110 2145 17
2145 2111 118
2111 2048 33
2048 1951 75
1951 1799 120
1799 1585 255
1585 1556 83
1556 1527 67
1527 1532 69
1532 1511 60
1511 1465 120
1465 1427 83
1427 1417 53
1417 1428 17
1428 1495 118
1495 1496 100
1496 1497 67
1497 1449 97
1449 1387 100
1387 1333 172
1333 1330 17
1330 1312 75
1312 1292 50
1292 1284 101
1284 1269 33
1269 1242 149
1242 1208 143
1208 1165 85
1165 1147 174
1147 1037 430
1037 1047 118
1047 1048 67
1048 1049 17
1049 1061 17
1061 1062 33
1062 1080 17
1080 1090 24
1090 1091 17
1091 1092 17
1092 1081 17
1081 1082 67
1082 1063 37
1063 1093 60
1093 1094 50
1094 1126 154
1126 1137 47
1137 1127 105
1127 1138 37
1138 1152 83
1152 1190 97
1190 1286 370
1286 1243 209
1243 1285 101
1285 1450 401
1450 1671 496
1671 1896 201
1896 1551 617
1551 1481 322
1481 1406 133
1406 1361 246
1361 1308 373
1308 1353 158
1353 1418 151
1418 1429 37
1429 1498 117
1498 1499 33
1499 1521 90
1521 1613 174
1613 1642 75
1642 1672 53
1672 1614 130
1614 1576 60
1576 1558 37
1558 1628 120
1628 1559 105
1559 1560 50
1560 1514 101
1514 1467 69
1467 1451 37
1451 1396 97
1396 1362 105
1362 1372 97
1372 1407 69
1407 1466 105
1466 1483 47
1483 1513 33
1513 1512 33
1512 1482 37
1482 1471 17
1471 1440 67
1440 1430 24
1430 1379 85
1379 1378 33
1378 1354 118
1354 1341 75
1341 1321 94
1321 1313 47
1313 1253 154
1253 1245 24
1245 1231 47
1231 1222 53
1222 1211 47
1211 1193 37
1193 1182 17
1182 1154 75
1154 1166 37
1166 1181 47
1181 1192 24
1192 1210 75
1210 1209 17
1209 1218 37
1218 1244 69
1244 1252 37
1252 1221 195
1221 1191 67
1191 1155 120
1155 1148 33
1148 1153 37
1153 1131 94
1131 1114 75
1114 1108 137
1108 1102 24
1102 1068 60
1068 1067 67
1067 1052 24
1052 1041 24
1041 1042 17
1042 1043 17
1043 1019 37
1019 1007 24
1007 1008 33
1008 1009 17
1009 1029 37
1029 1030 17
1030 1031 33
1031 1032 17
1032 990 85
990 934 117
934 905 53
905 891 24
891 842 167
842 814 304
814 770 130
770 869 211
869 917 75
917 976 149
976 977 33
977 988 53
988 998 47
998 1017 47
1017 1005 24
1005 989 50
989 978 24
978 1006 94
1006 1027 47
1027 1028 33
1028 1018 24
1018 1040 37
1040 1039 17
1039 1051 17
1051 1066 37
1066 1083 37
1083 1065 69
1065 1050 24
1050 1038 53
1038 1064 60
1064 1026 50
1026 1004 47
1004 1025 137
1025 1003 37
1003 962 154
962 890 167
890 868 60
868 741 251
741 618 201
618 528 396
528 740 359
740 617 259
617 577 206
577 498 206
498 477 69
477 465 69
465 383 254
383 368 158
368 393 90
393 426 97
426 420 85
420 454 130
454 460 24
460 490 133
490 576 239
576 600 47
600 639 112
639 527 186
527 481 490
481 499 94
499 487 71
487 480 37
480 486 37
486 446 250
446 425 60
425 382 121
382 346 112
346 339 284
339 401 167
401 400 67
400 381 142
381 399 112
399 371 97
371 374 53
374 366 33
366 367 17
367 352 37
352 345 37
345 344 50
344 351 24
351 365 37
365 380 53
380 398 53
398 397 33
397 379 83
379 359 164
359 350 69
350 338 75
338 330 17
330 309 50
309 280 53
280 270 37
270 249 50
249 215 107
215 225 24
225 192 83
192 226 69
226 239 47
239 250 37
250 283 67
283 282 17
282 281 17
281 310 53
310 306 53
306 323 53
323 331 85
331 324 24
324 311 37
311 251 118
251 252 17
252 234 97
234 271 130
271 242 83
242 243 17
243 227 83
227 209 60
209 201 24
201 186 75
186 175 17
175 140 85
140 141 83
141 142 83
142 104 172
104 87 90
87 64 83
64 96 67
96 121 53
121 122 17
122 133 33
133 132 50
132 120 60
120 110 37
110 103 53
103 131 69
131 152 37
152 157 24
157 162 69
162 139 83
139 119 50
119 126 37
126 102 71
102 78 83
78 79 50
79 50 83
50 43 85
43 37 60
37 24 239
24 29 75
29 95 170
95 118 71
118 151 83
151 150 50
150 109 143
109 117 37
117 169 127
169 200 67
200 199 33
199 185 47
185 184 17
184 183 17
183 182 33
182 181 33
181 198 33
198 208 69
208 214 37
214 224 69
224 238 47
238 248 37
248 261 37
261 260 33
260 269 37
269 259 37
259 254 69
254 258 24
258 267 24
267 268 17
268 294 75
294 295 17
295 279 24
279 296 24
296 305 24
305 308 53
308 316 53
316 315 50
315 322 17
322 321 17
321 337 47
337 358 71
358 364 17
364 343 71
343 320 50
320 336 90
336 357 71
357 363 37
363 370 17
370 392 75
392 411 71
411 410 33
410 418 17
418 424 69
424 409 37
409 417 24
417 437 83
437 436 33
436 423 90
423 408 37
408 407 17
407 403 37
403 396 37
396 391 24
391 387 17
387 349 105
349 342 17
342 335 24
335 319 47
319 329 24
329 328 17
328 341 33
341 348 17
348 356 24
356 386 83
386 390 24
390 389 17
389 395 24
395 385 47
385 378 24
378 373 17
373 355 50
355 372 53
372 377 17
377 388 33
388 384 24
384 376 53
376 394 60
394 405 47
405 414 37
414 428 47
428 415 33
415 406 37
406 416 17
416 429 60
429 421 24
421 422 33
422 430 17
430 434 24
434 441 17
441 450 24
450 442 24
442 435 17
435 443 69
443 451 17
451 456 85
456 463 134
463 438 94
438 457 60
457 458 33
458 444 37
444 459 37
459 452 69
452 464 47
464 453 47
453 445 24
445 431 60
431 419 154
419 432 37
432 473 118
473 478 50
478 485 37
485 489 24
489 496 17
496 507 53
507 508 50
508 497 50
497 479 190
479 518 134
518 539 83
539 575 75
575 590 24
590 652 118
652 616 50
616 574 53
574 547 50
547 546 100
546 526 71
526 517 17
517 504 60
504 505 17
505 506 24
506 495 50
495 494 33
494 493 33
493 492 50
492 503 37
503 516 50
516 525 37
525 532 24
532 531 17
531 538 24
538 556 60
556 524 69
524 511 37
511 523 37
523 515 53
515 522 17
522 545 53
545 555 24
555 554 33
554 564 37
564 571 24
571 596 37
596 615 17
615 589 37
589 597 37
597 598 33
598 572 33
572 573 33
573 599 60
599 626 37
626 637 53
637 674 71
674 705 53
705 688 105
688 673 37
673 651 33
651 650 67
650 636 101
636 595 53
595 588 53
588 614 90
614 635 33
635 613 90
613 698 117
698 715 60
715 727 53
727 738 24
738 751 69
751 798 107
798 797 100
797 807 53
807 796 17
796 775 47
775 726 90
726 714 37
714 704 24
704 697 24
697 687 24
687 672 17
672 661 17
661 649 37
649 611 60
611 612 17
612 563 67
563 544 75
544 514 75
514 521 53
521 513 37
513 520 53
520 537 37
537 543 37
543 553 24
553 570 37
570 587 17
587 610 60
610 625 69
625 647 33
647 634 37
634 648 24
648 660 17
660 671 17
671 725 85
725 724 17
724 737 37
737 686 90
686 723 120
723 696 97
696 670 37
670 633 83
633 609 33
609 569 97
569 586 53
586 585 50
585 584 50
584 552 60
552 594 69
594 608 69
608 551 90
551 510 105
510 502 154
502 491 75
491 484 47
484 509 120
509 519 105
519 540 71
540 581 75
581 606 90
606 567 83
567 683 172
683 659 75
659 658 17
658 669 17
669 668 17
668 646 33
646 657 24
657 656 17
656 682 37
682 681 17
681 702 47
702 667 53
667 655 24
655 624 50
624 605 24
605 593 17
593 565 47
565 566 17
566 562 17
562 550 17
550 536 33
536 501 101
501 500 33
500 488 83
488 462 121
462 413 118
413 433 97
433 427 85
427 447 49
447 449 20
449 468 56
468 476 49
476 482 26
482 474 198
474 472 12
472 440 157
440 404 158
404 402 107
402 362 134
362 303 151
303 277 37
277 245 75
245 232 60
232 222 24
222 213 37
213 167 120
167 136 69
136 115 97
115 116 17
116 124 53
124 125 50
125 160 85
160 197 90
197 223 60
223 233 24
233 246 53
246 266 53
266 292 60
292 307 75
307 314 17
314 333 50
333 375 118
375 369 105
369 353 37
353 354 33
354 334 53
334 327 17
327 304 83
304 293 17
293 278 134
278 247 149
247 237 33
237 207 69
207 168 85
168 161 24
161 156 37
156 148 17
148 149 17
149 138 17
138 137 50
137 130 37
130 106 71
106 101 17
101 93 24
93 94 17
94 107 60
107 108 17
108 77 69
77 63 33
63 70 37
70 49 50
49 40 33
40 36 24
36 21 83
21 6 60
6 3 17
3 14 97
14 20 24
20 35 75
35 62 85
62 55 53
55 69 60
69 54 33
54 53 17
53 61 85
61 34 118
34 23 53
23 2 85
2 10 105
10 1 121
1 13 53
13 33 83
33 38 37
38 39 50
39 48 47
48 52 53
52 76 53
76 86 134
86 42 120
42 75 143
75 85 24
85 147 149
147 166 60
166 206 107
206 217 77
217 228 16
228 220 27
220 218 3
218 212 14
212 205 16
205 196 18
196 193 13
193 189 15
189 195 29
195 191 14
191 187 22
187 194 20
194 210 44
210 216 22
216 211 56
211 219 21
219 229 13
229 235 15
235 244 36
244 255 42
255 273 37
273 272 24
272 284 13
284 286 19
286 275 23
275 256 34
256 262 17
262 274 21
274 287 14
287 290 8
290 299 21
299 332 84
332 347 44
347 361 37
361 318 105
318 288 83
288 297 41
297 265 39
265 263 1
263 253 48
253 240 32
240 241 16
241 236 27
236 231 20
231 221 37
221 190 72
190 180 28
180 171 26
171 170 15
170 173 23
173 176 8
176 177 13
177 179 4
179 188 32
188 174 25
174 172 5
172 163 22
163 165 24
165 159 15
159 155 21
155 154 11
154 143 39
143 135 33
135 153 29
153 158 17
158 146 33
146 123 54
123 114 19
114 112 8
112 111 10
111 97 43
97 92 22
92 88 75
88 98 34
98 91 14
91 60 75
60 68 37
68 74 41
74 72 28
72 65 17
65 58 14
58 45 70
45 44 6
44 41 6
41 30 68
30 28 15
28 5 94
5 0 28