0 1 534
1 6 189
6 4 53
4 3 100
3 7 75
7 9 90
9 14 154
14 11 121
11 12 37
12 8 97
8 13 101
13 19 313
19 28 307
28 30 83
30 37 97
37 41 248
41 48 37
48 70 203
70 64 83
64 61 69
61 69 69
69 89 83
89 88 24
88 87 183
87 60 137
60 58 37
58 56 85
56 51 33
51 47 107
47 36 101
36 34 137
34 32 33
32 29 47
29 31 47
31 63 350
63 81 112
81 96 105
96 95 184
95 102 94
102 98 33
98 77 154
77 86 127
86 93 174
93 100 107
100 105 137
105 121 121
121 137 118
137 145 137
145 152 47
152 153 33
153 173 118
173 182 107
182 193 53
193 218 134
218 224 37
224 222 24
222 217 69
217 216 67
216 210 53
210 201 50
201 172 172
172 176 53
176 200 167
200 197 69
197 151 239
151 147 53
147 144 37
144 140 53
140 128 90
128 127 117
127 101 195
101 115 180
115 135 213
135 143 97
143 163 157
163 157 47
157 171 69
171 184 85
184 187 37
187 196 60
196 192 24
192 205 83
205 215 83
215 221 85
221 227 60
227 213 83
213 203 304
203 209 37
209 220 67
220 248 201
248 278 177
278 277 200
277 284 47
284 292 83
292 296 37
296 301 97
301 317 217
317 308 157
308 318 143
318 326 105
326 314 157
314 302 94
302 281 177
281 249 190
249 253 53
253 257 167
257 274 90
274 282 105
282 307 154
307 319 112
319 306 180
306 349 284
349 353 53
353 366 120
366 381 100
381 365 130
365 361 121
361 348 83
348 360 264
360 357 69
357 387 260
387 384 101
384 397 134
397 406 90
406 396 37
396 395 17
395 392 53
392 402 75
402 414 154
414 439 190
439 451 83
451 463 97
463 460 90
460 467 180
467 466 100
466 494 206
494 481 507
481 515 184
515 530 97
530 539 53
539 552 85
552 545 90
545 544 17
544 548 53
548 592 184
592 607 37
607 593 60
593 564 141
564 594 167
594 666 316
666 651 389
651 633 246
633 565 217
565 523 236
523 531 219
531 546 194
546 553 90
553 527 154
527 495 180
495 473 154
473 468 112
468 470 121
470 443 209
443 455 134
455 465 134
465 426 200
426 398 254
398 390 60
390 393 17
393 403 47
403 424 217
424 444 107
444 427 83
427 428 17
428 419 69
419 408 120
408 388 137
388 375 107
375 376 17
376 379 101
379 382 47
382 404 167
404 405 17
405 416 121
416 440 213
440 429 206
429 432 37
432 430 53
430 436 37
436 456 154
456 476 158
476 486 154
486 501 53
501 504 121
504 490 291
490 483 50
483 449 291
449 433 120
433 431 53
431 422 53
422 412 69
412 413 17
413 385 180
385 368 190
368 359 94
359 328 201
328 327 101
327 338 85
338 344 170
344 345 50
345 334 83
334 370 250
370 369 217
369 377 37
377 399 137
399 434 269
434 407 271
407 417 107
417 409 71
409 415 37
415 421 49
421 435 72
435 441 90
441 457 97
457 474 134
474 477 134
477 496 134
496 485 158
485 506 112
506 529 127
529 537 48
537 532 91
532 533 83
533 540 69
540 551 82
551 554 123
554 569 83
569 604 120
604 608 53
608 605 53
605 598 24
598 591 15
591 572 62
572 603 178
603 609 19
609 615 69
615 623 34
623 618 31
618 614 22
614 630 43
630 639 47
639 642 24
642 654 91
654 657 37
657 650 92
650 645 85
645 644 17
644 643 25
643 628 73
628 627 33
627 626 83
626 624 88
624 637 64
637 619 84
619 573 134
573 562 60
562 528 206
528 509 105
509 505 167
505 520 69
520 524 37
524 549 172
549 560 50
560 582 130
582 586 118
586 597 24
597 625 83
625 646 141
646 648 60
648 647 134
647 635 97
635 634 17
634 638 53
638 596 149
596 581 75
581 568 222
568 567 250
567 595 201
595 602 58
602 640 149
640 660 134
660 667 37
667 678 67
678 692 75
692 691 317
691 711 83
711 722 90
722 733 67
733 723 340
723 693 130
693 682 60
682 674 90
674 652 134
652 675 127
675 655 118
655 669 83
669 683 67
683 679 37
679 688 47
688 661 165
661 672 60
672 676 53
676 656 85
656 668 47
668 659 66
659 653 85
653 665 108
665 671 33
671 677 28
677 684 35
684 687 10
687 694 36
694 695 17
695 704 33
704 708 17
708 707 17
707 703 17
703 700 37
700 709 43
709 712 10
712 716 24
716 713 21
713 706 27
706 701 31
701 702 23
702 699 24
699 697 20
697 681 62
681 673 37
673 680 41
680 685 33
685 689 38
689 698 33
698 705 53
705 710 33
710 715 28
715 721 32
721 724 42
724 725 33
725 726 17
726 731 10
731 732 15
732 728 20
728 727 16
727 729 12
729 730 14
730 717 35
717 718 17
718 719 17
719 720 17
720 714 27
714 696 105
696 690 20
690 686 44
686 662 243
662 658 25
658 663 99
663 670 37
670 664 37
664 649 83
649 641 118
641 636 63
636 606 130
606 580 75
580 576 6
576 585 89
585 587 65
587 563 105
563 547 83
547 510 227
510 502 97
502 487 71
487 491 118
491 488 24
488 513 143
513 556 233
556 559 101
559 555 24
555 541 60
541 561 118
561 570 71
570 577 90
577 599 71
599 600 17
600 610 105
610 583 94
583 578 24
578 574 24
574 579 118
579 588 60
588 616 69
616 611 53
611 620 90
620 589 85
589 566 85
566 571 167
571 601 97
601 629 90
629 612 83
612 617 69
617 621 24
621 631 33
631 632 133
632 622 47
622 613 33
613 590 60
590 584 134
584 575 37
575 557 112
557 558 83
558 550 69
550 542 85
542 538 54
538 543 184
543 526 127
526 517 53
517 508 53
508 512 69
512 518 37
518 521 17
521 519 37
519 514 23
514 500 157
500 480 134
480 482 105
482 472 85
472 462 101
462 420 219
420 448 187
448 454 120
454 471 133
471 459 154
459 475 201
475 503 190
503 511 121
511 516 33
516 525 83
525 535 121
535 522 83
522 536 275
536 534 37
534 497 186
497 498 17
498 507 83
507 492 83
492 484 60
484 493 83
493 499 53
499 489 37
489 479 120
479 461 134
461 453 60
453 464 83
464 469 47
469 478 107
478 452 248
452 458 167
458 423 195
423 446 177
446 445 33
445 450 17
450 447 16
447 438 45
438 437 117
437 410 248
410 389 201
389 391 101
391 367 260
367 363 33
363 339 151
339 335 47
335 329 37
329 331 101
331 300 203
300 304 134
304 279 150
279 271 50
271 267 24
267 266 167
266 276 50
276 273 134
273 283 50
283 299 232
299 320 227
320 323 24
323 315 60
315 297 118
297 290 107
290 309 142
309 322 101
322 333 83
333 341 60
341 350 50
350 340 112
340 354 85
354 343 180
343 358 141
358 372 100
372 362 118
362 346 130
346 332 217
332 355 237
355 310 304
310 298 75
298 289 90
289 285 37
285 286 50
286 287 100
287 258 134
258 254 101
254 237 180
237 231 75
231 259 172
259 272 75
272 303 201
303 275 203
275 263 134
263 240 101
240 225 127
225 202 167
202 188 112
188 174 101
174 165 37
165 154 94
154 138 75
138 148 142
148 134 83
134 129 105
129 116 105
116 113 90
113 110 37
110 106 184
106 111 69
111 118 69
118 107 143
107 103 69
103 112 37
112 133 174
133 131 37
131 124 37
124 142 130
142 146 17
146 150 118
150 139 83
139 141 53
141 136 47
136 130 60
130 155 137
155 159 24
159 156 37
156 160 24
160 162 24
162 167 33
167 178 37
178 166 60
166 177 47
177 175 53
175 158 134
158 149 75
149 199 248
199 185 112
185 198 53
198 206 53
206 229 142
229 232 134
232 234 24
234 250 130
250 242 53
242 243 83
243 238 94
238 223 112
223 230 83
230 226 60
226 219 60
219 204 248
204 233 224
233 235 24
235 251 105
251 260 137
260 264 37
264 265 183
265 293 167
293 305 149
305 311 142
311 342 217
342 330 264
330 351 149
351 364 154
364 380 180
380 394 101
394 400 201
400 386 149
386 371 105
371 352 264
352 337 90
337 336 37
336 347 85
347 374 183
374 373 100
373 383 83
383 418 219
418 425 195
425 442 120
442 411 217
411 401 104
401 378 303
378 356 287
356 313 311
313 325 264
325 324 100
324 321 37
321 312 134
312 316 170
316 295 151
295 294 117
294 268 151
268 261 121
261 269 90
269 262 37
262 288 201
288 280 33
280 245 158
245 255 60
255 246 90
246 256 60
256 270 174
270 247 85
247 241 59
241 239 46
239 228 97
228 208 143
208 212 101
212 181 164
181 126 285
126 114 121
114 90 167
90 85 37
85 80 101
80 79 50
79 78 33
78 84 17
84 83 17
83 92 50
92 76 130
76 108 273
108 109 50
109 117 75
117 132 120
132 180 236
180 191 157
191 183 75
183 170 83
170 169 33
169 168 150
168 164 53
164 161 47
161 179 83
179 189 118
189 190 133
190 194 37
194 186 90
186 195 60
195 214 141
214 211 151
211 236 190
236 252 141
252 291 195
291 244 217
244 207 310
207 125 478
125 119 134
119 120 69
120 123 37
123 122 85
122 104 240
104 71 206
71 72 33
72 73 33
73 74 17
74 75 50
75 67 50
67 57 60
57 66 83
66 62 53
62 53 75
53 52 83
52 49 69
49 43 17
43 40 142
40 55 158
55 65 120
65 99 217
99 94 158
94 82 83
82 97 269
97 91 53
91 68 134
68 59 134
59 54 47
54 50 195
50 42 60
42 38 83
38 39 37
39 33 97
33 27 154
27 25 83
25 23 24
23 22 134
22 16 321
16 18 53
18 20 149
20 24 288
24 35 318
35 44 118
44 45 83
45 46 233
46 26 304
26 15 248
15 17 190
17 21 186
21 10 264
10 5 237
5 2 17
2 0 112