0 5 1224
5 1 481
1 7 486
7 21 541
21 40 271
40 41 17
41 89 492
89 77 213
77 80 170
80 45 335
45 48 60
48 81 284
81 85 69
85 84 33
84 83 67
83 87 53
87 93 201
93 92 383
92 236 285
236 250 211
250 253 75
253 268 165
268 282 112
282 254 333
254 296 307
296 305 585
305 244 781
244 324 810
324 326 551
326 327 300
327 343 200
343 357 292
357 355 101
355 348 71
348 346 53
346 345 24
345 333 190
333 352 306
352 375 260
375 376 284
376 378 37
378 387 60
387 389 24
389 395 37
395 399 37
399 419 75
419 410 37
410 409 17
409 416 24
416 408 17
408 398 33
398 405 37
405 396 33
396 388 37
388 386 24
386 382 24
382 377 60
377 381 37
381 385 17
385 384 50
384 391 37
391 392 33
392 393 17
393 394 33
394 404 53
404 415 37
415 414 17
414 403 33
403 407 69
407 402 24
402 413 37
413 401 37
401 400 33
400 406 37
406 417 33
417 418 33
418 427 37
427 428 17
428 435 37
435 440 37
440 420 60
420 421 33
421 429 69
429 422 37
422 423 17
423 431 17
431 430 17
430 441 33
441 454 33
454 462 17
462 448 47
448 455 53
455 463 24
463 471 17
471 480 37
480 492 53
492 505 47
505 498 69
498 499 17
499 506 24
506 518 33
518 527 37
527 532 37
532 541 60
541 557 37
557 540 37
540 526 53
526 547 69
547 556 37
556 568 47
568 569 33
569 577 47
577 589 60
589 598 33
598 607 47
607 620 85
620 619 50
619 611 60
611 606 47
606 602 24
602 594 37
594 593 33
593 584 33
584 576 37
576 571 24
571 555 53
555 546 24
546 531 53
531 536 53
536 525 60
525 517 60
517 503 75
503 504 50
504 491 37
491 461 50
461 470 37
470 460 17
460 459 17
459 479 47
479 490 24
490 489 17
489 497 37
497 488 37
488 478 17
478 458 47
458 453 69
453 447 53
447 457 60
457 446 47
446 452 37
452 456 37
456 475 37
475 485 37
485 476 24
476 486 37
486 468 37
468 469 33
469 477 37
477 487 37
487 513 50
513 502 53
502 512 24
512 516 53
516 511 37
511 523 33
523 524 17
524 530 37
530 535 53
535 538 24
538 544 24
544 537 24
537 543 24
543 534 37
534 521 50
521 515 24
515 522 24
522 509 37
509 510 17
510 496 33
496 495 33
495 484 24
484 474 24
474 467 17
467 473 37
473 466 24
466 451 37
451 444 37
444 445 17
445 434 47
434 426 37
426 439 33
439 433 37
433 443 37
443 438 53
438 508 150
508 550 142
550 559 53
559 563 24
563 564 33
564 565 17
565 551 60
551 545 24
545 539 37
539 552 75
552 553 83
553 560 53
560 554 37
554 561 24
561 566 37
566 567 33
567 601 137
601 605 53
605 604 33
604 600 24
600 583 67
583 582 83
582 581 100
581 599 67
599 617 101
617 618 33
618 622 69
622 614 47
614 623 60
623 624 17
624 725 217
725 793 69
793 810 24
810 661 227
661 743 134
743 685 71
685 662 24
662 726 60
726 777 83
777 794 17
794 686 167
686 663 53
663 634 69
634 635 167
635 633 17
633 615 118
615 608 67
608 603 17
603 590 50
590 585 37
585 579 24
579 572 33
572 580 37
580 586 24
586 595 47
595 609 60
609 528 314
528 610 367
610 640 252
640 641 23
641 672 52
672 664 25
664 679 8
679 692 15
692 700 9
700 707 12
707 704 11
704 690 17
690 675 17
675 682 14
682 691 8
691 695 16
695 705 16
705 714 6
714 722 7
722 721 8
721 732 8
732 741 9
741 755 17
755 751 11
751 738 11
738 730 10
730 717 9
717 709 14
709 710 12
710 720 7
720 733 13
733 735 7
735 746 9
746 739 13
739 749 9
749 750 7
750 760 14
760 767 8
767 762 8
762 756 10
756 768 15
768 774 9
774 776 12
776 770 8
770 758 10
758 752 11
752 748 12
748 737 12
737 734 9
734 728 18
728 715 7
715 713 7
713 697 16
697 684 20
684 694 9
694 693 7
693 699 8
699 711 10
711 718 7
718 724 4
724 731 11
731 727 3
727 712 11
712 703 9
703 698 7
698 696 9
696 701 13
701 689 12
689 688 6
688 671 18
671 652 10
652 660 17
660 665 9
665 653 8
653 650 8
650 643 17
643 639 17
639 644 10
644 651 11
651 654 5
654 655 12
655 667 7
667 678 8
678 680 6
680 681 8
681 676 7
676 673 3
673 669 4
669 659 3
659 656 4
656 657 10
657 674 7
674 666 17
666 670 7
670 677 9
677 668 6
668 642 21
642 658 29
658 683 17
683 702 40
702 740 30
740 757 17
757 753 15
753 747 11
747 742 9
742 766 25
766 788 29
788 792 17
792 790 12
790 807 15
807 815 21
815 805 13
805 806 9
806 808 11
808 809 7
809 797 13
797 786 12
786 775 12
775 784 8
784 791 10
791 798 7
798 801 7
801 799 5
799 800 5
800 789 17
789 780 16
780 782 10
782 785 6
785 771 12
771 769 14
769 764 11
764 773 13
773 778 9
778 781 16
781 772 5
772 761 20
761 763 22
763 736 28
736 719 21
719 708 11
708 716 14
716 706 18
706 804 199
804 830 170
830 826 118
826 834 158
834 835 117
835 854 284
854 857 24
857 861 69
861 870 239
870 881 134
881 863 519
863 843 331
843 853 121
853 884 501
884 887 177
887 897 380
897 890 458
890 893 323
893 898 84
898 903 149
903 904 192
904 906 82
906 911 217
911 909 164
909 910 50
910 912 75
912 915 50
915 917 50
917 916 222
916 899 453
899 894 376
894 907 302
907 913 244
913 918 171
918 920 69
920 922 90
922 927 120
927 925 350
925 924 288
924 921 69
921 923 53
923 926 134
926 928 154
928 919 511
919 914 244
914 908 141
908 905 286
905 901 120
901 900 239
900 896 120
896 902 543
902 895 211
895 876 555
876 882 107
882 886 165
886 879 151
879 880 85
880 874 118
874 885 217
885 889 354
889 892 291
892 891 8
891 888 167
888 869 355
869 866 100
866 856 365
856 849 213
849 855 96
855 862 247
862 842 335
842 837 108
837 836 136
836 831 154
831 860 284
860 867 137
867 850 300
850 840 143
840 828 107
828 824 105
824 829 105
829 819 69
819 821 37
821 822 83
822 779 165
779 745 170
745 597 376
597 533 211
533 520 53
520 519 117
519 507 121
507 549 157
549 588 127
588 626 217
626 575 559
575 621 295
621 649 149
649 631 164
631 625 60
625 638 186
638 759 149
759 796 90
796 825 137
825 833 50
833 744 435
744 816 194
816 754 120
754 648 94
648 647 17
647 637 37
637 612 161
612 578 185
578 542 194
542 529 97
529 494 105
494 465 71
465 548 398
548 483 190
483 425 254
425 372 414
372 349 496
349 374 217
374 364 157
364 369 134
369 334 311
334 323 277
323 290 304
290 300 60
300 301 67
301 276 154
276 262 85
262 267 53
267 257 94
257 255 17
255 252 47
252 246 74
246 247 8
247 242 11
242 240 13
240 239 6
239 235 21
235 230 14
230 226 9
226 228 26
228 234 31
234 221 27
221 217 10
217 215 6
215 202 12
202 205 4
205 206 13
206 208 3
208 211 11
211 225 22
225 233 29
233 227 14
227 222 16
222 214 14
214 199 12
199 187 16
187 185 11
185 193 13
193 190 8
190 186 12
186 179 14
179 176 8
176 173 7
173 172 18
172 181 13
181 184 10
184 192 11
192 194 11
194 189 14
189 196 13
196 207 6
207 201 18
201 216 14
216 213 8
213 198 14
198 188 15
188 177 17
177 175 8
175 171 13
171 160 15
160 163 9
163 167 5
167 169 14
169 158 16
158 149 10
149 142 9
142 135 10
135 134 6
134 136 4
136 139 7
139 137 7
137 141 6
141 148 10
148 144 6
144 151 4
151 140 14
140 155 12
155 157 8
157 162 5
162 168 10
168 166 16
166 164 22
164 138 32
138 128 12
128 116 12
116 129 20
129 113 19
113 123 17
123 119 11
119 114 7
114 103 16
103 100 61
100 91 97
91 104 134
104 108 13
108 105 5
105 109 8
109 130 19
130 120 17
120 124 10
124 133 10
133 126 15
126 118 7
118 117 3
117 110 6
110 115 4
115 122 7
122 127 11
127 125 8
125 152 27
152 156 26
156 145 12
145 146 12
146 159 11
159 154 8
154 143 22
143 147 11
147 161 17
161 165 5
165 174 23
174 182 11
182 180 15
180 203 48
203 237 83
237 153 134
153 204 94
204 258 195
258 263 53
263 279 120
279 295 121
295 311 85
311 319 142
319 317 127
317 328 158
328 312 295
312 280 306
280 277 134
277 275 167
275 291 240
291 321 259
321 322 17
322 335 213
335 336 183
336 358 331
358 383 307
383 365 170
365 354 67
354 362 60
362 359 53
359 347 85
347 338 190
338 332 174
332 330 37
330 307 284
307 308 67
308 287 172
287 178 400
178 79 440
79 76 60
76 71 60
71 64 33
64 34 385
34 15 269
15 49 502
49 57 120
57 56 150
56 47 157
47 42 60
42 75 328
75 94 295
94 90 211
90 97 105
97 101 219
101 61 367
61 58 234
58 33 350
33 35 134
35 28 130
28 19 142
19 29 201
29 30 350
30 13 254
13 17 186
17 10 260
10 2 367
2 3 60
3 4 24
4 9 427
9 20 291
20 14 232
14 12 206
12 27 250
27 32 203
32 36 107
36 18 347
18 26 172
26 51 385
51 78 201
78 67 60
67 65 37
65 72 170
72 59 134
59 46 224
46 37 217
37 38 17
38 44 105
44 50 141
50 52 60
52 53 17
53 55 17
55 54 17
54 60 37
60 63 17
63 66 37
66 70 37
70 74 69
74 69 17
69 68 83
68 73 17
73 82 90
82 86 71
86 95 118
95 98 154
98 106 134
106 112 13
112 111 9
111 107 26
107 121 26
121 150 47
150 170 34
170 191 34
191 219 29
219 231 24
231 220 19
220 218 14
218 212 11
212 197 13
197 209 23
209 195 17
195 183 19
183 210 33
210 223 14
223 224 16
224 232 13
232 238 25
238 241 11
241 245 19
245 249 11
249 248 20
248 243 29
243 266 170
266 286 121
286 289 83
289 278 186
278 294 118
294 310 83
310 316 85
316 320 180
320 302 211
302 299 17
299 298 17
298 288 53
288 261 217
261 251 118
251 229 279
229 102 224
102 96 94
96 88 121
88 132 239
132 131 233
131 256 267
256 272 101
272 273 17
273 293 180
293 306 149
306 297 112
297 281 134
281 271 67
271 265 37
265 264 33
264 260 60
260 269 50
269 270 251
270 285 217
285 304 177
304 303 33
303 309 37
309 315 83
315 325 151
325 329 71
329 314 389
314 318 47
318 360 513
360 397 255
397 436 344
436 442 37
442 411 101
411 390 217
390 380 53
380 371 118
371 368 53
368 350 130
350 351 17
351 353 217
353 361 71
361 356 186
356 412 417
412 424 354
424 437 170
437 558 300
558 514 149
514 472 143
472 482 53
482 481 17
481 501 33
501 570 217
570 574 167
574 592 149
592 591 167
591 629 243
629 795 203
795 729 243
729 613 287
613 632 228
632 616 202
616 687 375
687 636 134
636 630 47
630 646 69
646 820 234
820 839 246
839 848 232
848 852 134
852 875 422
875 868 134
868 858 277
858 844 189
844 823 190
823 817 158
817 838 253
838 864 316
864 865 176
865 872 157
872 883 158
883 878 164
878 877 184
877 873 60
873 871 53
871 859 335
859 851 200
851 846 53
846 847 37
847 845 228
845 841 67
841 827 107
827 832 90
832 818 105
818 811 69
811 813 170
813 814 4
814 812 27
812 802 14
802 803 9
803 783 24
783 787 8
787 765 27
765 723 37
723 645 80
645 628 94
628 627 85
627 596 271
596 587 37
587 573 60
573 562 60
562 464 269
464 500 211
500 493 184
493 450 143
450 449 50
449 432 83
432 366 340
366 367 17
367 370 53
370 379 134
379 373 83
373 363 201
363 337 279
337 331 149
331 340 118
340 344 37
344 339 158
339 342 47
342 341 133
341 313 497
313 292 121
292 283 90
283 259 190
259 274 556
274 284 554
284 200 368
200 99 203
99 62 360
62 39 298
39 43 406
43 31 209
31 24 127
24 23 50
23 22 269
22 25 107
25 16 213
16 11 134
11 6 236
6 8 53
8 0 882